,H,Sxx
0,0.0,5134239.227019849
1,0.009009009009009009,5134196.19050698
2,0.018018018018018018,5129678.456383877
3,0.02702702702702703,5123651.17498701
4,0.036036036036036036,5117630.665144134
5,0.04504504504504504,5111616.954428317
6,0.05405405405405406,5105610.069988629
7,0.06306306306306306,5099610.038553943
8,0.07207207207207207,5100947.461926577
9,0.08108108108108109,5105622.058845409
10,0.09009009009009009,5110805.72453148
11,0.0990990990990991,5109699.825043832
12,0.10810810810810811,5103419.847934972
13,0.11711711711711711,5093570.288537173
14,0.12612612612612611,5083729.49210431
15,0.13513513513513514,5073897.737742838
16,0.14414414414414414,5064075.299678512
17,0.15315315315315314,5064368.408323826
18,0.16216216216216217,5069525.001514136
19,0.17117117117117117,5077283.050671013
20,0.18018018018018017,5083009.479851745
21,0.1891891891891892,5075507.956312274
22,0.1981981981981982,5061762.375604329
23,0.2072072072072072,5048056.245166385
24,0.21621621621621623,5034389.792442299
25,0.22522522522522523,5020763.235265491
26,0.23423423423423423,5011556.935304334
27,0.24324324324324323,5009734.976344054
28,0.25225225225225223,5014351.507340801
29,0.26126126126126126,5022913.121122537
30,0.2702702702702703,5022794.411060989
31,0.27927927927927926,5010565.690748219
32,0.2882882882882883,4992276.637609522
33,0.2972972972972973,4974088.7514865985
34,0.3063063063063063,4956001.602843683
35,0.3153153153153153,4938014.755459288
36,0.32432432432432434,4928928.554611719
37,0.3333333333333333,4950725.457611344
38,0.34234234234234234,4964815.328037534
39,0.35135135135135137,4960362.274545256
40,0.36036036036036034,4941098.320147636
41,0.36936936936936937,4919018.132785688
42,0.3783783783783784,4897097.953378063
43,0.38738738738738737,4875336.587856236
44,0.3963963963963964,4853732.841008566
45,0.40540540540540543,4841171.2919936795
46,0.4144144144144144,4851055.997099559
47,0.42342342342342343,4881142.786308103
48,0.43243243243243246,4863532.884758353
49,0.44144144144144143,4846180.161997343
50,0.45045045045045046,4828946.506456756
51,0.45945945945945943,4811820.989640705
52,0.46846846846846846,4794802.751908552
53,0.4774774774774775,4777890.940130353
54,0.48648648648648646,4761084.707688319
55,0.4954954954954955,4795063.809111218
56,0.5045045045045045,4805062.098633517
57,0.5135135135135135,4783516.138793122
58,0.5225225225225225,4759995.237454186
59,0.5315315315315315,4736663.919411351
60,0.5405405405405406,4713546.864576749
61,0.5495495495495496,4690641.328944309
62,0.5585585585585585,4667944.611185213
63,0.5675675675675675,4648321.818708815
64,0.5765765765765766,4693109.435958996
65,0.5855855855855856,4728354.384346108
66,0.5945945945945946,4704649.060418693
67,0.6036036036036035,4676727.558405975
68,0.6126126126126126,4649200.858371431
69,0.6216216216216216,4621992.061000537
70,0.6306306306306306,4595095.762909584
71,0.6396396396396397,4579325.1502448665
72,0.6486486486486487,4572921.213698071
73,0.6576576576576576,4585039.691669826
74,0.6666666666666666,4612522.897625934
75,0.6756756756756757,4618048.105364032
76,0.6846846846846847,4588294.089590079
77,0.6936936936936937,4558935.054729182
78,0.7027027027027027,4529945.849749232
79,0.7117117117117117,4501319.594874825
80,0.7207207207207207,4494495.967989388
81,0.7297297297297297,4490747.249139029
82,0.7387387387387387,4496258.773036503
83,0.7477477477477478,4511180.053648041
84,0.7567567567567568,4503671.149481557
85,0.7657657657657657,4475673.042041775
86,0.7747747747747747,4447319.37604806
87,0.7837837837837838,4419309.409203828
88,0.7927927927927928,4391637.172181669
89,0.8018018018018018,4382221.788742043
90,0.8108108108108109,4377844.631954243
91,0.8198198198198198,4373442.112441532
92,0.8288288288288288,4383932.367605743
93,0.8378378378378378,4383126.629768455
94,0.8468468468468469,4362417.59614173
95,0.8558558558558559,4335195.719545932
96,0.8648648648648649,4308309.64519754
97,0.8738738738738738,4281753.230388411
98,0.8828828828828829,4269110.110968482
99,0.8918918918918919,4272275.21101645
100,0.9009009009009009,4275423.758051408
101,0.9099099099099099,4281417.157706438
102,0.9189189189189189,4285812.799485777
103,0.9279279279279279,4280542.29399682
104,0.9369369369369369,4255386.5270233825
105,0.9459459459459459,4228307.434413459
106,0.954954954954955,4201569.262367929
107,0.963963963963964,4175165.6410561167
108,0.9729729729729729,4169912.788355629
109,0.9819819819819819,4166429.129915786
110,0.990990990990991,4168298.0400301786
111,1.0,4172323.235289959
112,1.009009009009009,4166301.1574841184
113,1.018018018018018,4144299.646613897
114,1.027027027027027,4118526.97575944
115,1.0360360360360361,4093070.908680803
116,1.045045045045045,4067925.6820763974
117,1.054054054054054,4055701.9502752908
118,1.063063063063063,4051944.987310868
119,1.072072072072072,4048178.1291466504
120,1.0810810810810811,4067157.6334399288
121,1.09009009009009,4073183.380981727
122,1.0990990990990992,4062996.3650902724
123,1.1081081081081081,4034398.294961281
124,1.117117117117117,4006198.1690524495
125,1.1261261261261262,3978387.777220774
126,1.135135135135135,3956521.3540731873
127,1.1441441441441442,3949449.364332723
128,1.1531531531531531,3942400.4089012044
129,1.162162162162162,3947275.147892146
130,1.1711711711711712,3964130.8599256524
131,1.1801801801801801,3964025.872706912
132,1.1891891891891893,3952265.8547507534
133,1.1981981981981982,3928271.74887923
134,1.207207207207207,3903985.9368176013
135,1.2162162162162162,3883678.616657619
136,1.2252252252252251,3880537.7211552565
137,1.2342342342342343,3877385.979852417
138,1.2432432432432432,3845870.4426418934
139,1.2522522522522523,3836997.5867612096
140,1.2612612612612613,3832807.3936303454
141,1.2702702702702702,3816233.0391647574
142,1.2792792792792793,3799472.1883923984
143,1.2882882882882882,3782839.6120562674
144,1.2972972972972974,3773442.155123735
145,1.3063063063063063,3780270.402358229
146,1.3153153153153152,3787100.1426707413
147,1.3243243243243243,3793931.08267576
148,1.3333333333333333,3753264.2487293244
149,1.3423423423423424,3744560.974110501
150,1.3513513513513513,3727278.4804087877
151,1.3603603603603605,3709933.517500668
152,1.3693693693693694,3693356.735578218
153,1.3783783783783783,3676927.3468993134
154,1.3873873873873874,3694706.2617146536
155,1.3963963963963963,3713010.231444656
156,1.4054054054054055,3714377.0817196737
157,1.4144144144144144,3673479.7398998835
158,1.4234234234234233,3645901.61293063
159,1.4324324324324325,3628014.4206492305
160,1.4414414414414414,3610266.639217628
161,1.4504504504504505,3592535.118379847
162,1.4594594594594594,3574956.5303180953
163,1.4684684684684683,3570619.0200345954
164,1.4774774774774775,3572559.122197865
165,1.4864864864864864,3611581.55277095
166,1.4954954954954955,3603274.8547263844
167,1.5045045045045045,3583153.7375657456
168,1.5135135135135136,3563256.056968033
169,1.5225225225225225,3543633.5833413517
170,1.5315315315315314,3524151.6621347205
171,1.5405405405405406,3504843.122254273
172,1.5495495495495495,3492288.9084121743
173,1.5585585585585586,3491963.5252178214
174,1.5675675675675675,3507009.821811189
175,1.5765765765765765,3518129.9562235693
176,1.5855855855855856,3499083.6939549963
177,1.5945945945945945,3476127.641301761
178,1.6036036036036037,3453354.3128833
179,1.6126126126126126,3440956.90999325
180,1.6216216216216217,3432746.8169925855
181,1.6306306306306306,3424574.306999848
182,1.6396396396396395,3416439.132708349
183,1.6486486486486487,3417217.376570248
184,1.6576576576576576,3425220.061600868
185,1.6666666666666667,3407318.2995011187
186,1.6756756756756757,3383701.238527421
187,1.6846846846846846,3361801.1055451985
188,1.6936936936936937,3357380.4959522504
189,1.7027027027027026,3352940.575797861
190,1.7117117117117118,3348510.663268487
191,1.7207207207207207,3344090.7312222337
192,1.7297297297297298,3339680.752575066
193,1.7387387387387387,3350681.830934716
194,1.7477477477477477,3347709.2835550955
195,1.7567567567567568,3325582.1715822597
196,1.7657657657657657,3301762.6602220684
197,1.7747747747747749,3278202.381181622
198,1.7837837837837838,3267127.4283016506
199,1.7927927927927927,3262878.198666834
200,1.8018018018018018,3258637.7776148594
201,1.8108108108108107,3254406.14648999
202,1.8198198198198199,3263041.371382285
203,1.8288288288288288,3260919.4072640883
204,1.8378378378378377,3247468.621062739
205,1.8468468468468469,3224305.5174722755
206,1.8558558558558558,3201347.466338514
207,1.864864864864865,3188729.3618635046
208,1.8738738738738738,3184419.214143377
209,1.882882882882883,3180117.9338141186
210,1.8918918918918919,3175825.50496146
211,1.9009009009009008,3178686.8425464365
212,1.90990990990991,3189209.541029298
213,1.9189189189189189,3186339.4801335316
214,1.927927927927928,3159076.5346990265
215,1.936936936936937,3132205.2925737184
216,1.9459459459459458,3118808.332523237
217,1.954954954954955,3111697.8220434263
218,1.9639639639639639,3104617.936964289
219,1.972972972972973,3097568.490946697
220,1.981981981981982,3096188.73017812
221,1.990990990990991,3108940.4747324795
222,2.0,3108764.5972980005
223,2.009009009009009,3089436.7493226696
224,2.018018018018018,3071609.379170286
225,2.027027027027027,3063859.7706202553
226,2.036036036036036,3056254.589961279
227,2.045045045045045,3048810.1260440676
228,2.054054054054054,3041400.870666178
229,2.063063063063063,3034026.5813186676
230,2.0720720720720722,3038265.785577152
231,2.081081081081081,3034250.2670222986
232,2.09009009009009,3021846.0267642564
233,2.099099099099099,3001797.6652929215
234,2.108108108108108,2993273.9953214447
235,2.1171171171171173,2989239.121239661
236,2.126126126126126,2985217.1848669113
237,2.135135135135135,2981204.6097167926
238,2.144144144144144,2977201.3687424385
239,2.153153153153153,2973672.321038002
240,2.1621621621621623,2959789.2529995567
241,2.171171171171171,2946034.302933984
242,2.18018018018018,2932405.718606099
243,2.189189189189189,2918882.6706488365
244,2.1981981981981984,2920695.470320284
245,2.2072072072072073,2923328.417195586
246,2.2162162162162162,2925960.170922124
247,2.225225225225225,2928590.687569789
248,2.234234234234234,2916777.661914571
249,2.2432432432432434,2889173.4778511547
250,2.2522522522522523,2871930.7256777016
251,2.2612612612612613,2854888.7094195443
252,2.27027027027027,2838044.0170104704
253,2.279279279279279,2837174.8217558777
254,2.2882882882882885,2838929.0017998624
255,2.2972972972972974,2840681.160633447
256,2.3063063063063063,2834051.4574503577
257,2.315315315315315,2822140.3412287165
258,2.324324324324324,2838194.6531680217
259,2.3333333333333335,2823160.592126851
260,2.3423423423423424,2808282.0659217862
261,2.3513513513513513,2793556.7221636064
262,2.3603603603603602,2783156.864881586
263,2.369369369369369,2781336.245966135
264,2.3783783783783785,2779515.6867004302
265,2.3873873873873874,2788218.806637179
266,2.3963963963963963,2787214.77817819
267,2.4054054054054053,2778175.215495549
268,2.414414414414414,2763282.4101663656
269,2.4234234234234235,2748546.3031629175
270,2.4324324324324325,2733964.469981616
271,2.4414414414414414,2719519.481071431
272,2.4504504504504503,2718975.5246719667
273,2.4594594594594597,2722081.8970509763
274,2.4684684684684686,2731223.4382925886
275,2.4774774774774775,2735329.387650677
276,2.4864864864864864,2730268.9534585313
277,2.4954954954954953,2714908.098290807
278,2.5045045045045047,2699252.5187816615
279,2.5135135135135136,2683773.2285163216
280,2.5225225225225225,2673011.8694583275
281,2.5315315315315314,2670607.757711686
282,2.5405405405405403,2668207.2100131945
283,2.5495495495495497,2666040.860476397
284,2.5585585585585586,2673579.706680631
285,2.5675675675675675,2660010.569394174
286,2.5765765765765765,2643968.918318471
287,2.5855855855855854,2629399.07576058
288,2.5945945945945947,2625144.122478515
289,2.6036036036036037,2620889.1971457116
290,2.6126126126126126,2616468.6833585603
291,2.6216216216216215,2612062.503907991
292,2.6306306306306304,2607670.591808302
293,2.6396396396396398,2610291.228199482
294,2.6486486486486487,2612280.131359293
295,2.6576576576576576,2599602.2796929893
296,2.6666666666666665,2578996.0892332434
297,2.6756756756756754,2566396.615405375
298,2.684684684684685,2562807.265024645
299,2.6936936936936937,2559272.5063110907
300,2.7027027027027026,2555767.8027009335
301,2.7117117117117115,2552272.1636866136
302,2.720720720720721,2548785.5561535973
303,2.72972972972973,2556575.037581015
304,2.7387387387387387,2556053.1975302305
305,2.7477477477477477,2542312.6187187014
306,2.7567567567567566,2531325.322550044
307,2.765765765765766,2524466.9250477618
308,2.774774774774775,2517602.2577780294
309,2.7837837837837838,2510719.184607991
310,2.7927927927927927,2503906.162531465
311,2.8018018018018016,2497177.4519658964
312,2.810810810810811,2497019.203506818
313,2.81981981981982,2496068.72991332
314,2.828828828828829,2494895.94936716
315,2.8378378378378377,2479016.2281695297
316,2.8468468468468466,2471970.384973134
317,2.855855855855856,2464974.0033251652
318,2.864864864864865,2458036.600046904
319,2.873873873873874,2451126.1104837814
320,2.8828828828828827,2444136.2487880215
321,2.8918918918918917,2438814.0705974144
322,2.900900900900901,2445148.509410978
323,2.90990990990991,2438694.095416427
324,2.918918918918919,2426110.095542866
325,2.9279279279279278,2420147.683064202
326,2.9369369369369367,2414214.463917987
327,2.945945945945946,2408310.2245184015
328,2.954954954954955,2402499.1222614977
329,2.963963963963964,2396797.1689660596
330,2.972972972972973,2398704.2244315874
331,2.981981981981982,2401531.4746156507
332,2.990990990990991,2393422.245794782
333,3.0,2377898.12653769
334,3.009009009009009,2370134.896860965
335,3.018018018018018,2366700.202245583
336,3.027027027027027,2363275.232697817
337,3.036036036036036,2359858.6808457626
338,3.045045045045045,2356484.324968146
339,3.054054054054054,2354194.993543575
340,3.063063063063063,2358824.4017719105
341,3.0720720720720722,2340166.3166089416
342,3.081081081081081,2327576.372499459
343,3.09009009009009,2323512.2965759807
344,3.099099099099099,2319462.364352708
345,3.108108108108108,2315426.5022453973
346,3.1171171171171173,2311404.6371785346
347,3.126126126126126,2307355.3220001576
348,3.135135135135135,2303973.156817167
349,3.144144144144144,2319473.2581112003
350,3.153153153153153,2317468.1164810993
351,3.1621621621621623,2293116.7088290663
352,3.171171171171171,2288548.5086625037
353,3.18018018018018,2283998.4256457835
354,3.189189189189189,2279466.3524912638
355,3.198198198198198,2274952.1827546246
356,3.2072072072072073,2270353.8461166276
357,3.2162162162162162,2269889.2426404073
358,3.225225225225225,2266411.8454187694
359,3.234234234234234,2260593.8754799212
360,3.2432432432432434,2249316.2603260144
361,3.2522522522522523,2241754.9895258225
362,3.2612612612612613,2239289.1168422713
363,3.27027027027027,2236827.7932501123
364,3.279279279279279,2234371.0089299264
365,3.2882882882882885,2231927.3277180567
366,3.2972972972972974,2229998.922036075
367,3.3063063063063063,2228134.2986208806
368,3.315315315315315,2220808.6150020533
369,3.324324324324324,2208593.859076697
370,3.3333333333333335,2193235.5105554
371,3.3423423423423424,2188575.439737307
372,3.3513513513513513,2183935.1116537848
373,3.3603603603603602,2179314.4012212744
374,3.369369369369369,2182707.6392016117
375,3.3783783783783785,2186456.732880584
376,3.3873873873873874,2184791.408715865
377,3.3963963963963963,2174118.5996114374
378,3.4054054054054053,2158492.2461135876
379,3.414414414414414,2145814.0541143557
380,3.4234234234234235,2142204.1357955863
381,3.4324324324324325,2138606.302992145
382,3.4414414414414414,2135020.495310363
383,3.4504504504504503,2139388.6657753875
384,3.4594594594594597,2144936.0713028605
385,3.4684684684684686,2150060.7444226267
386,3.4774774774774775,2151560.7292770594
387,3.4864864864864864,2148097.622520176
388,3.4954954954954953,2140163.767844502
389,3.5045045045045047,2132287.350667832
390,3.5135135135135136,2124467.7607463375
391,3.5225225225225225,2116704.396271461
392,3.5315315315315314,2111356.2976944125
393,3.5405405405405403,2110688.2039206363
394,3.5495495495495497,2110017.9685192965
395,3.5585585585585586,2089784.8948955159
396,3.5675675675675675,2088732.5360175977
397,3.5765765765765765,2083841.9645996182
398,3.5855855855855854,2078974.1949935795
399,3.5945945945945947,2074129.0684336638
400,3.6036036036036037,2069306.4276214584
401,3.6126126126126126,2064506.116709074
402,3.6216216216216215,2064950.120187867
403,3.6306306306306304,2066698.9394664434
404,3.6396396396396398,2049661.7985744155
405,3.6486486486486487,2047235.5425504216
406,3.6576576576576576,2043125.8686747977
407,3.6666666666666665,2039032.5609625885
408,3.6756756756756754,2034955.5224255081
409,3.684684684684685,2030894.6568356147
410,3.6936936936936937,2026849.868717922
411,3.7027027027027026,2022822.9915679367
412,3.7117117117117115,2022216.191715988
413,3.720720720720721,2024421.9485508208
414,3.72972972972973,2006514.0950184846
415,3.7387387387387387,2005465.1757826903
416,3.7477477477477477,2001430.6540626339
417,3.7567567567567566,1997411.8921666185
418,3.765765765765766,1993408.8008555602
419,3.774774774774775,1989421.291536323
420,3.7837837837837838,1985449.2762561955
421,3.7927927927927927,1984103.288509776
422,3.8018018018018016,1985238.3642270055
423,3.810810810810811,1974304.5466695644
424,3.81981981981982,1968658.6661024624
425,3.828828828828829,1966674.4786741226
426,3.8378378378378377,1963256.2546364556
427,3.8468468468468466,1959849.438271422
428,3.855855855855856,1956453.9747835752
429,3.864864864864865,1953069.809712876
430,3.873873873873874,1949696.8889322605
431,3.8828828828828827,1951998.5619731764
432,3.8918918918918917,1949593.4728918653
433,3.900900900900901,1937158.4768630865
434,3.90990990990991,1935305.2076146712
435,3.918918918918919,1931429.6641233158
436,3.9279279279279278,1927569.595130004
437,3.9369369369369367,1923724.9082376556
438,3.945945945945946,1919895.5117825216
439,3.954954954954955,1916081.3148269292
440,3.963963963963964,1914476.0658799005
441,3.972972972972973,1914359.5482272268
442,3.981981981981982,1901512.8079238862
443,3.990990990990991,1899651.6448156585
444,4.0,1895633.1215652393
445,4.009009009009009,1891631.5583671345
446,4.018018018018018,1887646.848114125
447,4.027027027027027,1883678.8845986712
448,4.036036036036036,1879727.5625034969
449,4.045045045045045,1880298.5884781922
450,4.054054054054054,1890168.7930282315
451,4.063063063063063,1873827.1581113343
452,4.072072072072072,1864006.074333193
453,4.081081081081081,1858663.163475186
454,4.09009009009009,1853350.2998950465
455,4.099099099099099,1848067.2353706963
456,4.108108108108108,1842813.7243504496
457,4.117117117117117,1837589.5239180813
458,4.126126126126126,1832360.7184481663
459,4.135135135135135,1841173.263590237
460,4.1441441441441444,1838384.7218206027
461,4.153153153153153,1835604.5893726675
462,4.162162162162162,1835204.6661645062
463,4.171171171171171,1835705.032669465
464,4.18018018018018,1836204.4306110546
465,4.1891891891891895,1836702.8560998314
466,4.198198198198198,1837200.3052391345
467,4.207207207207207,1834961.1929358188
468,4.216216216216216,1827426.88737303
469,4.225225225225225,1806135.5955909484
470,4.2342342342342345,1797387.5363903854
471,4.243243243243243,1791925.2311898377
472,4.252252252252252,1791043.9958891144
473,4.261261261261261,1790163.2752410215
474,4.27027027027027,1789283.0693623635
475,4.2792792792792795,1788403.3783679246
476,4.288288288288288,1794137.5167579455
477,4.297297297297297,1792488.7911127415
478,4.306306306306306,1786993.0705596458
479,4.315315315315315,1776168.794617679
480,4.324324324324325,1766226.9798263442
481,4.333333333333333,1763218.7274998694
482,4.342342342342342,1760220.6991201995
483,4.351351351351351,1757232.8426846424
484,4.36036036036036,1754765.926356694
485,4.36936936936937,1760287.0816837763
486,4.378378378378378,1764369.2806111474
487,4.387387387387387,1764495.6818189665
488,4.396396396396397,1759664.2543462154
489,4.405405405405405,1754901.7786529004
490,4.414414414414415,1750164.5499573825
491,4.423423423423423,1745452.372057153
492,4.4324324324324325,1740765.0507299642
493,4.441441441441442,1736102.3937096284
494,4.45045045045045,1733897.257923118
495,4.45945945945946,1730647.6179919976
496,4.468468468468468,1721320.076207943
497,4.4774774774774775,1718407.5159471915
498,4.486486486486487,1716386.7857562064
499,4.495495495495495,1714370.7670061581
500,4.504504504504505,1712359.4433589529
501,4.513513513513513,1710352.7985514042
502,4.5225225225225225,1708350.8163948092
503,4.531531531531532,1707361.4218455784
504,4.54054054054054,1706969.9647485875
505,4.54954954954955,1696271.5094875088
506,4.558558558558558,1686560.486610925
507,4.5675675675675675,1684906.0307313935
508,4.576576576576577,1683254.56913299
509,4.585585585585585,1681606.0943804295
510,4.594594594594595,1679960.599060291
511,4.603603603603603,1678318.075780951
512,4.612612612612613,1676678.51717252
513,4.621621621621622,1675718.0199290097
514,4.63063063063063,1667542.5117944125
515,4.63963963963964,1656855.7665016793
516,4.648648648648648,1655439.0707937863
517,4.657657657657658,1654024.776904824
518,4.666666666666667,1652612.8787784025
519,4.675675675675675,1651203.370378325
520,4.684684684684685,1649796.2456885017
521,4.693693693693693,1648391.4987128684
522,4.702702702702703,1646989.1234753034
523,4.711711711711712,1646559.623938927
524,4.7207207207207205,1641072.9191519932
525,4.72972972972973,1637955.3264652044
526,4.738738738738738,1634849.0637428567
527,4.747747747747748,1631754.5594090929
528,4.756756756756757,1628671.746830234
529,4.7657657657657655,1625600.5598750913
530,4.774774774774775,1622540.9329102347
531,4.783783783783783,1619492.8007953195
532,4.792792792792793,1620010.9791041727
533,4.801801801801802,1619221.4740144175
534,4.8108108108108105,1610918.810053071
535,4.81981981981982,1607643.6695569062
536,4.828828828828828,1604381.7778457769
537,4.837837837837838,1601133.0549485039
538,4.846846846846847,1597897.4215340854
539,4.8558558558558556,1594674.7989053263
540,4.864864864864865,1591465.1089925377
541,4.873873873873874,1590655.745856049
542,4.882882882882883,1596303.13915568
543,4.891891891891892,1583946.6791129224
544,4.900900900900901,1580809.858947782
545,4.90990990990991,1577685.370743407
546,4.918918918918919,1574573.1423359322
547,4.927927927927928,1571473.1021200316
548,4.936936936936937,1568385.1790435622
549,4.945945945945946,1565309.3026022671
550,4.954954954954955,1562245.402834538
551,4.963963963963964,1562351.3551007116
552,4.972972972972973,1561035.160069124
553,4.981981981981982,1549457.1748495626
554,4.990990990990991,1549606.094703027
555,5.0,1549753.9080925214
556,5.009009009009009,1549900.6130519279
557,5.018018018018018,1550046.2076166936
558,5.027027027027027,1550190.6898238508
559,5.036036036036036,1546923.5963386658
560,5.045045045045045,1540474.9919564028
561,5.054054054054054,1534451.9085609843
562,5.063063063063063,1526975.1880252291
563,5.072072072072072,1527398.8548694144
564,5.081081081081081,1527822.0752303514
565,5.09009009009009,1528244.8471328826
566,5.099099099099099,1528667.168597609
567,5.108108108108108,1529089.03764089
568,5.117117117117117,1526988.3852607345
569,5.126126126126126,1517763.3427180934
570,5.135135135135135,1508448.6768829993
571,5.1441441441441444,1500725.8788233323
572,5.153153153153153,1498055.0412143236
573,5.162162162162162,1497189.229085307
574,5.171171171171171,1496324.2791792
575,5.18018018018018,1495460.1904376778
576,5.1891891891891895,1494596.96180356
577,5.198198198198198,1500467.0856750645
578,5.207207207207207,1502033.9900270088
579,5.216216216216216,1493100.2920679643
580,5.225225225225225,1484265.405785755
581,5.2342342342342345,1476951.8899203187
582,5.243243243243243,1475434.064016262
583,5.252252252252252,1473919.282149478
584,5.261261261261261,1472407.5353830585
585,5.27027027027027,1470898.8148142041
586,5.2792792792792795,1469393.1115740656
587,5.288288288288288,1477954.274397855
588,5.297297297297297,1475532.6882171729
589,5.306306306306306,1472438.9173889493
590,5.315315315315315,1469363.8272535338
591,5.324324324324325,1466354.3390064656
592,5.333333333333333,1463357.0356045784
593,5.342342342342342,1460371.8439548889
594,5.351351351351351,1457398.691541297
595,5.36036036036036,1454437.5064189753
596,5.36936936936937,1455295.7381472837
597,5.378378378378378,1452867.4029566161
598,5.387387387387387,1439332.9335692972
599,5.396396396396397,1437688.4098414832
600,5.405405405405405,1436039.0746198792
601,5.414414414414415,1434393.5056152225
602,5.423423423423423,1432751.7006461702
603,5.4324324324324325,1431113.6468229268
604,5.441441441441442,1429479.3313144397
605,5.45045045045045,1427848.7413480645
606,5.45945945945946,1434230.9939434263
607,5.468468468468468,1420983.64219852
608,5.4774774774774775,1419339.1680117177
609,5.486486486486487,1417644.3720911902
610,5.495495495495495,1415953.4966808406
611,5.504504504504505,1414266.5286047962
612,5.513513513513513,1412583.454744246
613,5.5225225225225225,1410904.2620371482
614,5.531531531531532,1409228.937477931
615,5.54054054054054,1416147.5087241067
616,5.54954954954955,1402780.0895104907
617,5.558558558558558,1400478.1327461312
618,5.5675675675675675,1398255.8332027392
619,5.576576576576577,1396040.5733245313
620,5.585585585585585,1393832.3197238126
621,5.594594594594595,1391631.0392236314
622,5.603603603603603,1389436.69885612
623,5.612612612612613,1387249.2658608502
624,5.621621621621622,1393368.7177077022
625,5.63063063063063,1382348.2393376986
626,5.63963963963964,1378390.3795692762
627,5.648648648648648,1376367.094537939
628,5.657657657657658,1374345.138439594
629,5.666666666666667,1372329.1137309838
630,5.675675675675675,1370318.9943535335
631,5.684684684684685,1368314.7544010743
632,5.693693693693693,1366316.3681187313
633,5.702702702702703,1364323.80990182
634,5.711711711711712,1363440.9927105783
635,5.7207207207207205,1359184.947271782
636,5.72972972972973,1357978.0952606455
637,5.738738738738738,1356770.8379954824
638,5.747747747747748,1355565.6540607829
639,5.756756756756757,1354362.5382992513
640,5.7657657657657655,1353161.4855700608
641,5.774774774774775,1351962.4907487906
642,5.783783783783783,1350765.5487273661
643,5.792792792792793,1349291.3802204137
644,5.801801801801802,1332046.4927591134
645,5.8108108108108105,1332111.5501651852
646,5.81981981981982,1332203.4125255677
647,5.828828828828828,1332294.8086138493
648,5.837837837837838,1332385.7378450392
649,5.846846846846847,1332476.1996344628
650,5.8558558558558556,1332566.1933977632
651,5.864864864864865,1332655.7185509074
652,5.873873873873873,1331122.8335705556
653,5.882882882882883,1315100.597587119
654,5.891891891891892,1311687.9564683784
655,5.900900900900901,1312417.29478479
656,5.90990990990991,1313146.8297840348
657,5.918918918918919,1313876.5593140225
658,5.927927927927928,1314606.4812094965
659,5.936936936936937,1314920.1412028065
660,5.945945945945946,1312764.4937784432
661,5.954954954954955,1310615.870621538
662,5.963963963963964,1309297.5029711276
663,5.972972972972973,1295616.7657590788
664,5.981981981981982,1294658.0535048672
665,5.990990990990991,1294808.5135181488
666,6.0,1294958.4702590224
667,6.009009009009009,1295107.922826584
668,6.018018018018018,1294440.7078543773
669,6.027027027027027,1292818.0662996552
670,6.036036036036036,1288737.967596204
671,6.045045045045045,1283355.6027096119
672,6.054054054054054,1279975.8059642955
673,6.063063063063063,1280121.4594914294
674,6.072072072072072,1280280.4590792733
675,6.081081081081081,1280471.9543051785
676,6.09009009009009,1280663.1637380857
677,6.099099099099099,1279194.207951413
678,6.108108108108108,1269758.6560034526
679,6.117117117117117,1269863.3570266995
680,6.126126126126126,1265489.2370566353
681,6.135135135135135,1261034.2463672024
682,6.1441441441441444,1260994.3835666059
683,6.153153153153153,1261111.3321997372
684,6.162162162162162,1261185.6248770885
685,6.171171171171171,1261258.0498395672
686,6.18018018018018,1261330.0603548416
687,6.1891891891891895,1253267.1588207583
688,6.198198198198198,1250414.924373659
689,6.207207207207207,1249217.4562286595
690,6.216216216216216,1242487.24257787
691,6.225225225225225,1241151.7096436587
692,6.2342342342342345,1240572.805616295
693,6.243243243243243,1240030.7580002842
694,6.252252252252252,1239481.2271692813
695,6.261261261261261,1238932.0793887302
696,6.27027027027027,1235200.381941575
697,6.2792792792792795,1231130.515510462
698,6.288288288288288,1233540.086772543
699,6.297297297297297,1233558.6974035644
700,6.306306306306306,1231475.925422741
701,6.315315315315315,1229388.2207559415
702,6.324324324324325,1227292.91136398
703,6.333333333333333,1225204.5466208654
704,6.342342342342342,1223123.259477747
705,6.351351351351351,1219522.5244346492
706,6.36036036036036,1213302.0235123471
707,6.36936936936937,1218342.1132779752
708,6.378378378378378,1218887.7735353357
709,6.387387387387387,1216333.5672453002
710,6.396396396396396,1213792.4515208888
711,6.405405405405405,1211280.21816623
712,6.414414414414415,1208803.6140632678
713,6.423423423423423,1206336.9397617143
714,6.4324324324324325,1203880.1368246113
715,6.441441441441442,1197323.1596465094
716,6.45045045045045,1203367.339306066
717,6.45945945945946,1202560.3539697318
718,6.468468468468468,1201754.42870177
719,6.4774774774774775,1200948.4158677165
720,6.486486486486487,1200115.121733207
721,6.495495495495495,1199246.3279346905
722,6.504504504504505,1198376.206265697
723,6.513513513513513,1197507.2366220704
724,6.5225225225225225,1192568.535247189
725,6.531531531531532,1185767.4290341802
726,6.54054054054054,1177424.1897088378
727,6.54954954954955,1177438.8350238823
728,6.558558558558558,1177453.0972579948
729,6.5675675675675675,1177475.8767547533
730,6.576576576576577,1177518.148086531
731,6.585585585585585,1177579.558962282
732,6.594594594594595,1177640.7387980921
733,6.603603603603603,1177701.6873767003
734,6.612612612612613,1171229.2118899352
735,6.621621621621622,1159993.5252362136
736,6.63063063063063,1159184.645323035
737,6.63963963963964,1158376.862391248
738,6.648648648648648,1157570.4020489778
739,6.657657657657658,1156770.3275894132
740,6.666666666666667,1155973.3435456688
741,6.675675675675675,1155177.4338683554
742,6.684684684684685,1154382.5964318416
743,6.693693693693693,1147478.2195900232
744,6.702702702702703,1150827.4849372862
745,6.711711711711712,1150106.962581861
746,6.7207207207207205,1148879.027904626
747,6.72972972972973,1147651.9147310008
748,6.738738738738738,1146398.328901234
749,6.747747747747748,1145136.8363338378
750,6.756756756756757,1143878.1040379077
751,6.7657657657657655,1142622.1230051527
752,6.774774774774775,1137688.1470262876
753,6.783783783783783,1134448.2778876938
754,6.792792792792793,1141180.2473734654
755,6.801801801801802,1138882.6057181638
756,6.8108108108108105,1136593.9208210888
757,6.81981981981982,1134263.877776926
758,6.828828828828828,1131939.9489908891
759,6.837837837837838,1129675.7309152046
760,6.846846846846847,1127420.4950088859
761,6.8558558558558556,1122648.9205503666
762,6.864864864864865,1118636.683705227
763,6.873873873873873,1123316.948670349
764,6.882882882882883,1125143.372861928
765,6.891891891891892,1124169.1132322433
766,6.900900900900901,1123200.952344201
767,6.90990990990991,1121347.6317958126
768,6.918918918918919,1118075.63365051
769,6.927927927927928,1114822.1328171624
770,6.936936936936937,1111586.9780801048
771,6.945945945945946,1104515.2413151602
772,6.954954954954955,1102862.584597316
773,6.963963963963964,1103385.6514521246
774,6.972972972972973,1103908.8630047638
775,6.981981981981982,1104432.2182624226
776,6.990990990990991,1105011.7018107648
777,7.0,1103665.0217075723
778,7.009009009009009,1100771.9009314552
779,7.018018018018018,1100751.9537311767
780,7.027027027027027,1095238.4553052408
781,7.036036036036036,1089709.9399957624
782,7.045045045045045,1089697.354753497
783,7.054054054054054,1089684.4984183654
784,7.063063063063063,1089671.3708851587
785,7.072072072072072,1089657.9720490105
786,7.081081081081081,1089022.6121375207
787,7.09009009009009,1086374.9755489293
788,7.099099099099099,1085341.8546368936
789,7.108108108108108,1081625.966168814
790,7.117117117117117,1074452.9962153737
791,7.126126126126126,1074407.1276568372
792,7.135135135135135,1074361.0020093576
793,7.1441441441441444,1074314.6192462528
794,7.153153153153153,1074272.1756798672
795,7.162162162162162,1074238.777938425
796,7.171171171171171,1071746.9664922536
797,7.18018018018018,1070187.8947763112
798,7.1891891891891895,1070599.653063354
799,7.198198198198198,1069566.3970786063
800,7.207207207207207,1067846.3433595134
801,7.216216216216216,1066131.752506269
802,7.225225225225225,1064422.598842838
803,7.2342342342342345,1062718.8552089804
804,7.243243243243243,1061017.732645129
805,7.252252252252252,1058492.0866044466
806,7.261261261261261,1049796.8451102271
807,7.27027027027027,1054850.1931649211
808,7.2792792792792795,1054914.4882078527
809,7.288288288288288,1053300.828085059
810,7.297297297297297,1051692.0573579744
811,7.306306306306306,1050088.1540282918
812,7.315315315315315,1048488.7497687092
813,7.324324324324325,1046891.9196231042
814,7.333333333333333,1045299.9103983014
815,7.342342342342342,1038803.227398124
816,7.351351351351351,1040643.3005771857
817,7.36036036036036,1040429.1827097745
818,7.36936936936937,1038910.950688487
819,7.378378378378378,1037397.1342125712
820,7.387387387387387,1035887.7140867834
821,7.396396396396396,1034382.6712267444
822,7.405405405405405,1032878.9769122809
823,7.414414414414415,1031377.6299986285
824,7.423423423423423,1026128.2810366595
825,7.4324324324324325,1022942.4155840218
826,7.441441441441442,1027045.966966039
827,7.45045045045045,1025916.2861099414
828,7.45945945945946,1024789.0796912626
829,7.468468468468468,1023664.3396145413
830,7.4774774774774775,1022542.0578194809
831,7.486486486486487,1021396.3663032491
832,7.495495495495495,1020228.2109239016
833,7.504504504504505,1018219.8695221096
834,7.513513513513513,1013806.7536721021
835,7.5225225225225225,1018923.7573148422
836,7.531531531531532,1017414.6856212947
837,7.54054054054054,1015527.2299021364
838,7.54954954954955,1013646.7424119062
839,7.558558558558558,1011773.1847571606
840,7.5675675675675675,1009938.537263223
841,7.576576576576577,1008155.2075705539
842,7.585585585585585,1006350.122933884
843,7.594594594594595,1001296.3434568172
844,7.603603603603603,1002730.5747124426
845,7.612612612612613,1004285.6978188087
846,7.621621621621622,1002477.1487161628
847,7.63063063063063,1000675.0255965929
848,7.63963963963964,998879.2947058129
849,7.648648648648648,997089.9225222043
850,7.657657657657658,995306.8757548478
851,7.666666666666667,993533.9347469432
852,7.675675675675675,991339.2124713702
853,7.684684684684685,987375.1904938188
854,7.693693693693693,992534.0234957322
855,7.702702702702703,990950.4476988845
856,7.711711711711712,989371.871190315
857,7.7207207207207205,987798.2705629522
858,7.72972972972973,986229.6225540779
859,7.738738738738738,984665.9040442304
860,7.747747747747748,983107.0920561132
861,7.756756756756757,980759.8790715361
862,7.7657657657657655,977853.1050416923
863,7.774774774774775,979302.3621074698
864,7.783783783783783,978203.9752918633
865,7.792792792792793,976682.6586272385
866,7.801801801801802,975166.0244698568
867,7.8108108108108105,973654.0514396634
868,7.81981981981982,972146.7182852173
869,7.828828828828828,969302.4656644041
870,7.837837837837838,965679.666008945
871,7.846846846846847,963922.3996504525
872,7.8558558558558556,965913.58774648
873,7.864864864864865,966285.2346759042
874,7.873873873873873,965839.6391090816
875,7.882882882882883,965394.2951519551
876,7.891891891891892,964949.2028337535
877,7.900900900900901,964504.3621829081
878,7.90990990990991,964059.7732270546
879,7.918918918918918,963042.9865876812
880,7.927927927927928,956602.5993463597
881,7.936936936936937,955891.3779951517
882,7.945945945945946,955184.0369687949
883,7.954954954954955,954477.7399378752
884,7.963963963963964,953772.4845974586
885,7.972972972972973,953068.2686493772
886,7.981981981981982,952365.0898022039
887,7.990990990990991,951649.0886982909
888,8.0,949061.0210920151
889,8.00900900900901,947562.3347868461
890,8.018018018018019,942168.2165769584
891,8.027027027027026,942075.1394029772
892,8.036036036036036,941981.8695800892
893,8.045045045045045,941888.4071940606
894,8.054054054054054,941794.7523308888
895,8.063063063063064,941700.9050768017
896,8.072072072072071,941606.8655182581
897,8.08108108108108,940918.1344710392
898,8.09009009009009,936474.0767329597
899,8.0990990990991,929917.699765365
900,8.108108108108109,929383.4065028662
901,8.117117117117116,928918.4292516195
902,8.126126126126126,928453.8375593808
903,8.135135135135135,927989.6310637878
904,8.144144144144144,927525.8094026553
905,8.153153153153154,927062.3722139755
906,8.162162162162161,927095.2884807459
907,8.17117117117117,925924.9678453645
908,8.18018018018018,923043.3211161318
909,8.18918918918919,922031.9682103285
910,8.198198198198199,920916.4771612604
911,8.207207207207206,919803.6623653595
912,8.216216216216216,918693.5142769273
913,8.225225225225225,917586.0233952344
914,8.234234234234235,916481.1802642572
915,8.243243243243244,915377.6872242546
916,8.252252252252251,915899.191003034
917,8.26126126126126,914057.1916146781
918,8.27027027027027,911047.6217832424
919,8.27927927927928,909974.849518439
920,8.288288288288289,908904.5959209787
921,8.297297297297296,907836.8521483693
922,8.306306306306306,906771.609399379
923,8.315315315315315,905708.8589137993
924,8.324324324324325,904643.6820366883
925,8.333333333333334,903695.841921704
926,8.342342342342342,901945.3943661686
927,8.35135135135135,901888.981192765
928,8.36036036036036,901744.8877106971
929,8.36936936936937,900150.9244377682
930,8.378378378378379,898562.5524351753
931,8.387387387387387,896979.7425209194
932,8.396396396396396,895402.4657143587
933,8.405405405405405,893856.2150265118
934,8.414414414414415,892380.5134562895
935,8.423423423423424,894337.1796204477
936,8.432432432432432,893465.0111128702
937,8.441441441441441,892735.5245454944
938,8.45045045045045,890850.0258589616
939,8.45945945945946,888972.0178952029
940,8.468468468468469,887101.4594529703
941,8.477477477477477,885238.3095979824
942,8.486486486486486,883382.5276612475
943,8.495495495495495,883198.4899258541
944,8.504504504504505,884532.7209893756
945,8.513513513513514,883240.5319091375
946,8.522522522522522,883150.4756556365
947,8.531531531531531,881731.9474885144
948,8.54054054054054,880317.7235366873
949,8.54954954954955,878907.7856003476
950,8.558558558558559,877502.1155715315
951,8.567567567567567,876100.6954336552
952,8.576576576576576,874703.5072610457
953,8.585585585585585,875974.6503081808
954,8.594594594594595,875008.9312291244
955,8.603603603603604,873299.788186283
956,8.612612612612612,872212.9192908952
957,8.621621621621621,871144.8087972124
958,8.63063063063063,870079.9902783425
959,8.63963963963964,869017.6410134704
960,8.64864864864865,867957.7529716223
961,8.657657657657657,866900.3181533891
962,8.666666666666666,867555.4113782991
963,8.675675675675675,868403.0159768051
964,8.684684684684685,863343.659243371
965,8.693693693693694,862398.3295289553
966,8.702702702702702,861461.0725539627
967,8.711711711711711,860525.7318364645
968,8.72072072072072,859592.3019545752
969,8.72972972972973,858660.7775044447
970,8.73873873873874,857731.1531002002
971,8.747747747747749,856772.6658457676
972,8.756756756756756,857438.322225952
973,8.765765765765765,855644.0817539197
974,8.774774774774775,854330.8074754628
975,8.783783783783784,853106.2894479325
976,8.792792792792794,851880.0187884053
977,8.801801801801801,850657.1227995034
978,8.81081081081081,849437.5882750173
979,8.81981981981982,848221.4020728141
980,8.82882882882883,847024.5571103604
981,8.837837837837839,846180.4474985587
982,8.846846846846846,845337.9601581994
983,8.855855855855856,844497.0906112185
984,8.864864864864865,843662.1054700682
985,8.873873873873874,842831.9343763776
986,8.882882882882884,842003.3246640885
987,8.891891891891891,841176.2721682462
988,8.9009009009009,840350.7727376027
989,8.90990990990991,846096.9811849145
990,8.91891891891892,844707.8966113739
991,8.927927927927929,843323.1450180969
992,8.936936936936936,841942.7073971572
993,8.945945945945946,840565.362809331
994,8.954954954954955,839190.7420131338
995,8.963963963963964,837820.4057979663
996,8.972972972972974,836454.3352937051
997,8.981981981981981,835692.8780150791
998,8.99099099099099,836357.9428357402
999,9.0,830220.9891055854
