,H,Sxy
0,0.0,-63579.88625252732
1,0.009009009009009009,-63579.88625252732
2,0.018018018018018018,-68302.14140630364
3,0.02702702702702703,-74430.84352104425
4,0.036036036036036036,-80463.34646948868
5,0.04504504504504504,-86597.13611768922
6,0.05405405405405406,-92726.80997781639
7,0.06306306306306306,-98850.23058946127
8,0.07207207207207207,-108338.24478971628
9,0.08108108108108109,-120249.025873358
10,0.09009009009009009,-132149.23450812307
11,0.0990990990990991,-145342.0486418208
12,0.10810810810810811,-159160.5077338936
13,0.11711711711711711,-171558.27051402497
14,0.12612612612612611,-185209.76841821155
15,0.13513513513513514,-199025.6491634597
16,0.14414414414414414,-212847.61235677626
17,0.15315315315315314,-226970.62381312455
18,0.16216216216216217,-241422.15718718397
19,0.17117117117117117,-255878.21150132897
20,0.18018018018018017,-269515.760621694
21,0.1891891891891892,-283005.20578962204
22,0.1981981981981982,-289594.11995496065
23,0.2072072072072072,-298647.10816555703
24,0.21621621621621623,-311928.76299257064
25,0.22522522522522523,-325236.1617187735
26,0.23423423423423423,-338352.3042346214
27,0.24324324324324323,-351121.0488424947
28,0.25225225225225223,-363913.8675573262
29,0.26126126126126126,-377078.1614586244
30,0.2702702702702703,-390562.58459490916
31,0.27927927927927926,-399523.21013266145
32,0.2882882882882883,-399069.8950898323
33,0.2972972972972973,-411288.8180184971
34,0.3063063063063063,-424167.5904544737
35,0.3153153153153153,-436820.47409869294
36,0.32432432432432434,-448830.2038824185
37,0.3333333333333333,-460855.88586221804
38,0.34234234234234234,-473540.1265867866
39,0.35135135135135137,-487154.11434377334
40,0.36036036036036034,-500783.1459816903
41,0.36936936936936937,-493656.21853625734
42,0.3783783783783784,-499035.4997373718
43,0.38738738738738737,-512158.07005533815
44,0.3963963963963964,-525977.1572658502
45,0.40540540540540543,-543363.2116186452
46,0.4144144144144144,-560218.5830160741
47,0.42342342342342343,-574201.7604470514
48,0.43243243243243246,-588206.4526854687
49,0.44144144144144143,-601636.5729308599
50,0.45045045045045046,-602197.4532042767
51,0.45945945945945943,-586422.8116573022
52,0.46846846846846846,-597868.0139403103
53,0.4774774774774775,-609334.1413415181
54,0.48648648648648646,-620820.9455752716
55,0.4954954954954955,-632328.1760550399
56,0.5045045045045045,-642818.7227581963
57,0.5135135135135135,-653129.2926019916
58,0.5225225225225225,-663459.1664529413
59,0.5315315315315315,-671312.0567844199
60,0.5405405405405406,-646297.7788993801
61,0.5495495495495496,-645082.4663312089
62,0.5585585585585585,-654368.3228459776
63,0.5675675675675675,-663676.6202478262
64,0.5765765765765766,-673007.2643323162
65,0.5855855855855856,-683114.386867517
66,0.5945945945945946,-693275.0911827728
67,0.6036036036036035,-703627.5082934571
68,0.6126126126126126,-715542.5742012607
69,0.6216216216216216,-704624.7914808994
70,0.6306306306306306,-703901.1900338391
71,0.6396396396396397,-712644.7169171217
72,0.6486486486486487,-721337.7974546006
73,0.6576576576576576,-729980.5393835765
74,0.6666666666666666,-737845.6327916784
75,0.6756756756756757,-745263.2620716498
76,0.6846846846846847,-752638.8348793983
77,0.6936936936936937,-758641.6133082241
78,0.7027027027027027,-763534.5651849201
79,0.7117117117117117,-739502.8584653103
80,0.7207207207207207,-747641.9329278885
81,0.7297297297297297,-755800.5202779479
82,0.7387387387387387,-763978.5626310826
83,0.7477477477477478,-772206.6413532596
84,0.7567567567567568,-780762.7811674936
85,0.7657657657657657,-789338.4649571973
86,0.7747747747747747,-798257.0848197681
87,0.7837837837837838,-808299.8482892361
88,0.7927927927927928,-786690.5632149397
89,0.8018018018018018,-765982.2688119885
90,0.8108108108108109,-775539.7850113667
91,0.8198198198198198,-785121.0206562995
92,0.8288288288288288,-794725.8472478287
93,0.8378378378378378,-804247.3174174338
94,0.8468468468468469,-813760.5272772807
95,0.8558558558558559,-818630.9709507057
96,0.8648648648648649,-813663.7880842866
97,0.8738738738738738,-808747.0904697579
98,0.8828828828828829,-784410.214615215
99,0.8918918918918919,-787832.0169079208
100,0.9009009009009009,-791194.0474647438
101,0.9099099099099099,-794259.452162227
102,0.9189189189189189,-797086.2004918772
103,0.9279279279279279,-799861.6159288392
104,0.9369369369369369,-809878.7427561807
105,0.9459459459459459,-822594.5169597971
106,0.954954954954955,-820727.0818991847
107,0.963963963963964,-818855.6583633332
108,0.9729729729729729,-819992.6431198196
109,0.9819819819819819,-824434.6217133296
110,0.990990990990991,-828853.1830105663
111,1.0,-834209.3633559082
112,1.009009009009009,-839777.6693245351
113,1.018018018018018,-842983.2972851413
114,1.027027027027027,-864359.0530823958
115,1.0360360360360361,-866962.3975013685
116,1.045045045045045,-869520.8552850017
117,1.054054054054054,-872035.0366204964
118,1.063063063063063,-874505.5429553281
119,1.072072072072072,-876932.9671306949
120,1.0810810810810811,-879115.0011534126
121,1.09009009009009,-880679.473629899
122,1.0990990990990992,-878906.4708806984
123,1.1081081081081081,-818981.2247234454
124,1.117117117117117,-821686.1728981492
125,1.1261261261261262,-824370.2273538975
126,1.135135135135135,-827033.5232282599
127,1.1441441441441442,-829676.194827981
128,1.1531531531531531,-832298.3756330374
129,1.162162162162162,-834692.7844510042
130,1.1711711711711712,-835997.4335632678
131,1.1801801801801801,-837302.1909023044
132,1.1891891891891893,-806353.1729991015
133,1.1981981981981982,-840789.4090103653
134,1.207207207207207,-841982.5362164904
135,1.2162162162162162,-843164.3623402244
136,1.2252252252252251,-844334.969298014
137,1.2342342342342343,-845494.4383823933
138,1.2432432432432432,-846642.8502670559
139,1.2522522522522523,-847780.2850118746
140,1.2612612612612613,-849422.989830785
141,1.2702702702702702,-835639.7448410715
142,1.2792792792792793,-802399.0209247947
143,1.2882882882882882,-807325.1430196419
144,1.2972972972972974,-812396.8457851456
145,1.3063063063063063,-817460.912295262
146,1.3153153153153152,-822517.2975237449
147,1.3243243243243243,-827565.9566962793
148,1.3333333333333333,-832606.845291531
149,1.3423423423423424,-837568.609592739
150,1.3513513513513513,-842422.8662610349
151,1.3603603603603605,-828289.3409586785
152,1.3693693693693694,-799191.5737441587
153,1.3783783783783783,-801844.3950940939
154,1.3873873873873874,-804476.2914687
155,1.3963963963963963,-807087.3980786416
156,1.4054054054054055,-809677.8493351685
157,1.4144144144144144,-812247.7788533207
158,1.4234234234234233,-814812.9972774294
159,1.4324324324324325,-817491.053863288
160,1.4414414414414414,-800962.3931500331
161,1.4504504504504505,-819823.2855987329
162,1.4594594594594594,-816402.1134413077
163,1.4684684684684683,-813008.6525705158
164,1.4774774774774775,-809642.5795534239
165,1.4864864864864864,-806303.5757045965
166,1.4954954954954955,-802991.327006982
167,1.5045045045045045,-799703.460424533
168,1.5135135135135136,-796246.7961581945
169,1.5225225225225225,-792819.6763228534
170,1.5315315315315314,-825637.2398640545
171,1.5405405405405406,-836434.4300360165
172,1.5495495495495495,-831985.7817644273
173,1.5585585585585586,-827583.8120776082
174,1.5675675675675675,-823227.7952205023
175,1.5765765765765765,-818917.0203172865
176,1.5855855855855856,-814650.7909939359
177,1.5945945945945945,-810161.7013365979
178,1.6036036036036037,-805695.9671225144
179,1.6126126126126126,-772505.5741255943
180,1.6216216216216217,-786785.960373904
181,1.6306306306306306,-782280.7424402152
182,1.6396396396396395,-777825.4613376607
183,1.6486486486486487,-773419.3076345322
184,1.6576576576576576,-769061.4890342546
185,1.6666666666666667,-764760.7552570727
186,1.6756756756756757,-760709.2094068726
187,1.6846846846846846,-756699.823635627
188,1.6936936936936937,-781327.0627781972
189,1.7027027027027026,-793761.2040428563
190,1.7117117117117118,-803247.095157601
191,1.7207207207207207,-798672.4958134227
192,1.7297297297297298,-794149.4554277356
193,1.7387387387387387,-789677.1108854939
194,1.7477477477477477,-785239.7655977206
195,1.7567567567567568,-780829.1765797811
196,1.7657657657657657,-776467.5660711735
197,1.7747747747747749,-785757.711427812
198,1.7837837837837838,-770450.2543655166
199,1.7927927927927927,-763705.8594408579
200,1.8018018018018018,-764332.7779605403
201,1.8108108108108107,-764953.7737005707
202,1.8198198198198199,-765568.8844960555
203,1.8288288288288288,-766161.2526997627
204,1.8378378378378377,-766530.6806850396
205,1.8468468468468469,-766895.7015173963
206,1.8558558558558558,-751492.4666286499
207,1.864864864864865,-750289.59349396
208,1.8738738738738738,-749134.7307128962
209,1.882882882882883,-747981.5412709307
210,1.8918918918918919,-746830.0468615793
211,1.9009009009009008,-745680.2685874528
212,1.90990990990991,-744532.2269726554
213,1.9189189189189189,-733062.6673787794
214,1.927927927927928,-720743.5515081248
215,1.936936936936937,-740743.2286999243
216,1.9459459459459458,-735706.605497916
217,1.954954954954955,-730672.7587195907
218,1.9639639639639639,-725701.1623049495
219,1.972972972972973,-720790.731187338
220,1.981981981981982,-715940.404445326
221,1.990990990990991,-711149.144652911
222,2.0,-722428.8114235761
223,2.009009009009009,-715075.1978631723
224,2.018018018018018,-712122.0906086513
225,2.027027027027027,-727984.6977374734
226,2.036036036036036,-723187.6140716051
227,2.045045045045045,-716649.1083351894
228,2.054054054054054,-709522.1556535895
229,2.063063063063063,-702519.4350429475
230,2.0720720720720722,-695637.9383806554
231,2.081081081081081,-706670.7691296038
232,2.09009009009009,-699885.845283033
233,2.099099099099099,-693345.2504598527
234,2.108108108108108,-714659.8916691273
235,2.1171171171171173,-709155.0773192166
236,2.126126126126126,-703625.1672080155
237,2.135135135135135,-698110.6956065253
238,2.144144144144144,-692674.5650440924
239,2.153153153153153,-687315.205291191
240,2.1621621621621623,-691300.255114863
241,2.171171171171171,-702762.1686722941
242,2.18018018018018,-695845.2183025132
243,2.189189189189189,-703380.8193146184
244,2.1981981981981984,-697535.9107098727
245,2.2072072072072073,-691880.3331544518
246,2.2162162162162162,-686404.0793601592
247,2.225225225225225,-681004.6733851238
248,2.234234234234234,-675680.6088999178
249,2.2432432432432434,-675466.5873634111
250,2.2522522522522523,-693526.540756305
251,2.2612612612612613,-688257.5063834126
252,2.27027027027027,-679499.7996729981
253,2.279279279279279,-667216.7849233756
254,2.2882882882882885,-664997.6274846651
255,2.2972972972972974,-662823.6509499982
256,2.3063063063063063,-660663.8400380539
257,2.315315315315315,-658518.0567642292
258,2.324324324324324,-656386.1649299712
259,2.3333333333333335,-678702.3885537798
260,2.3423423423423424,-679080.0140908575
261,2.3513513513513513,-677892.8720493197
262,2.3603603603603602,-657256.8489812155
263,2.369369369369369,-657545.9338799445
264,2.3783783783783785,-657668.2744209706
265,2.3873873873873874,-657787.5888412616
266,2.3963963963963963,-657903.8993831339
267,2.4054054054054053,-658017.2281238164
268,2.414414414414414,-658127.5969767866
269,2.4234234234234235,-646675.0186282536
270,2.4324324324324325,-647998.4953711194
271,2.4414414414414414,-629632.0121188516
272,2.4504504504504503,-629136.8147203994
273,2.4594594594594597,-630561.5810230987
274,2.4684684684684686,-632081.3919586758
275,2.4774774774774775,-633599.9767453817
276,2.4864864864864864,-635117.332886654
277,2.4954954954954953,-636633.4578939247
278,2.5045045045045047,-624945.8295930082
279,2.5135135135135136,-625126.6881912679
280,2.5225225225225225,-625415.5525114203
281,2.5315315315315314,-605423.012776783
282,2.5405405405405403,-605390.2749452267
283,2.5495495495495497,-605355.5352528782
284,2.5585585585585586,-605318.8097215935
285,2.5675675675675675,-605280.1142490972
286,2.5765765765765765,-605239.4646100285
287,2.5855855855855854,-616825.5713158642
288,2.5945945945945947,-617795.5242913997
289,2.6036036036036037,-616319.2093420515
290,2.6126126126126126,-614849.9257173693
291,2.6216216216216215,-593083.5248233451
292,2.6306306306306304,-589943.4693788985
293,2.6396396396396398,-586834.8754187936
294,2.6486486486486487,-583757.288026363
295,2.6576576576576576,-580710.2608034923
296,2.6666666666666665,-581777.1656811727
297,2.6756756756756754,-595592.647058054
298,2.684684684684685,-591255.538526792
299,2.6936936936936937,-586973.8064754175
300,2.7027027027027026,-583139.213873674
301,2.7117117117117115,-582258.9907735162
302,2.720720720720721,-581381.348640394
303,2.72972972972973,-580506.2765781487
304,2.7387387387387387,-579633.7637482252
305,2.7477477477477477,-578763.7993693313
306,2.7567567567567566,-592427.5896334997
307,2.765765765765766,-595650.338154853
308,2.774774774774775,-593076.7594590817
309,2.7837837837837838,-590838.1199746047
310,2.7927927927927927,-588616.0354455543
311,2.8018018018018016,-586410.325315764
312,2.810810810810811,-584220.8116174018
313,2.81981981981982,-582047.3189251614
314,2.828828828828829,-573697.2960614869
315,2.8378378378378377,-563430.8256629504
316,2.8468468468468466,-548274.626790195
317,2.855855855855856,-550693.993258985
318,2.864864864864865,-552853.9289660404
319,2.873873873873874,-555017.8219248868
320,2.8828828828828827,-557010.3076888447
321,2.8918918918918917,-558922.3056227108
322,2.900900900900901,-560838.0314213339
323,2.90990990990991,-561014.2938169097
324,2.918918918918919,-559725.3226155981
325,2.9279279279279278,-543614.8710882057
326,2.9369369369369367,-540094.3111438948
327,2.945945945945946,-538876.3567833585
328,2.954954954954955,-537662.1586150737
329,2.963963963963964,-536493.6366102357
330,2.972972972972973,-535340.8610285013
331,2.981981981981982,-534193.0286051881
332,2.990990990990991,-547116.279238085
333,3.0,-550051.3865108462
334,3.009009009009009,-539456.9703711071
335,3.018018018018018,-534609.4725480536
336,3.027027027027027,-531781.7191264329
337,3.036036036036036,-528994.0226413623
338,3.045045045045045,-526266.1276041474
339,3.054054054054054,-523579.4370401795
340,3.063063063063063,-520918.05409808585
341,3.0720720720720722,-523213.6667562726
342,3.081081081081081,-534066.9539923464
343,3.09009009009009,-532191.001803655
344,3.099099099099099,-522641.79053192626
345,3.108108108108108,-520578.7897181246
346,3.1171171171171173,-518494.0752691467
347,3.126126126126126,-516419.42567960726
348,3.135135135135135,-514321.761000447
349,3.144144144144144,-512240.01373475866
350,3.153153153153153,-510174.01070223865
351,3.1621621621621623,-516977.0823059242
352,3.171171171171171,-526608.7438240629
353,3.18018018018018,-515860.4482996036
354,3.189189189189189,-507716.9592948639
355,3.198198198198198,-506466.0135455788
356,3.2072072072072073,-505242.4780747825
357,3.2162162162162162,-504091.71454500797
358,3.225225225225225,-502946.17891569604
359,3.234234234234234,-501805.83565804653
360,3.2432432432432434,-501443.0502111433
361,3.2522522522522523,-510321.60799130076
362,3.2612612612612613,-505686.01548660133
363,3.27027027027027,-497359.1656268917
364,3.279279279279279,-492761.3849444643
365,3.2882882882882885,-491768.48253582313
366,3.2972972972972974,-490610.967596055
367,3.3063063063063063,-489442.04448653647
368,3.315315315315315,-488278.60839490726
369,3.324324324324324,-487120.62116994296
370,3.3333333333333335,-491836.04606452025
371,3.3423423423423424,-493820.62487701036
372,3.3513513513513513,-480806.56484458596
373,3.3603603603603602,-477753.7101295758
374,3.369369369369369,-476482.99407424126
375,3.3783783783783785,-475668.26197366713
376,3.3873873873873874,-474856.0613811271
377,3.3963963963963963,-474046.3826459524
378,3.4054054054054053,-473239.2161399477
379,3.414414414414414,-474827.69615463127
380,3.4234234234234235,-480687.8933181995
381,3.4324324324324325,-472452.0908322946
382,3.4414414414414414,-466856.68035500793
383,3.4504504504504503,-466405.83266461303
384,3.4594594594594597,-465680.63529969455
385,3.4684684684684686,-464932.9518231751
386,3.4774774774774775,-464187.49257678085
387,3.4864864864864864,-463444.2489688348
388,3.4954954954954953,-462703.2124374314
389,3.5045045045045047,-467650.81709514617
390,3.5135135135135136,-462939.9787234747
391,3.5225225225225225,-456519.0992709889
392,3.5315315315315314,-454981.52640123194
393,3.5405405405405403,-454856.41400710517
394,3.5495495495495497,-454730.7475676745
395,3.5585585585585586,-454604.53157123044
396,3.5675675675675675,-454477.77047532087
397,3.5765765765765765,-454350.4687069758
398,3.5855855855855854,-454222.6306629276
399,3.5945945945945947,-460027.493454151
400,3.6036036036036037,-451604.65338209836
401,3.6126126126126126,-445282.6840400336
402,3.6216216216216215,-445154.9230911495
403,3.6306306306306304,-445009.0835075856
404,3.6396396396396398,-444862.8957444783
405,3.6486486486486487,-444395.4887625432
406,3.6576576576576576,-440044.69748860283
407,3.6666666666666665,-435763.3175579543
408,3.6756756756756754,-445385.47310777946
409,3.684684684684685,-441051.85431294335
410,3.6936936936936937,-437322.08456764335
411,3.7027027027027026,-437188.15015771805
412,3.7117117117117115,-437053.9913667111
413,3.720720720720721,-437080.92885251343
414,3.72972972972973,-435628.99586742837
415,3.7387387387387387,-427756.7659388174
416,3.7477477477477477,-420107.14269104175
417,3.7567567567567566,-416987.9962732393
418,3.765765765765766,-419768.801404458
419,3.774774774774775,-422570.4125389509
420,3.7837837837837838,-425357.05291385594
421,3.7927927927927927,-428156.0620059285
422,3.8018018018018016,-430945.6269352514
423,3.810810810810811,-433253.4365204648
424,3.81981981981982,-429019.515953541
425,3.828828828828829,-423713.1388420935
426,3.8378378378378377,-418511.2458009863
427,3.8468468468468466,-417693.2293955335
428,3.855855855855856,-418532.51313202595
429,3.864864864864865,-419453.2980391352
430,3.873873873873874,-420457.68699509517
431,3.8828828828828827,-421512.4477605887
432,3.8918918918918917,-420964.58110737364
433,3.900900900900901,-412995.3997933755
434,3.90990990990991,-405827.72318454494
435,3.918918918918919,-404349.2011200692
436,3.9279279279279278,-403419.9733926999
437,3.9369369369369367,-404856.2483927517
438,3.945945945945946,-406095.69836881675
439,3.954954954954955,-407300.77837555856
440,3.963963963963964,-408644.02438240167
441,3.972972972972973,-409200.88771297416
442,3.981981981981982,-407538.9495180005
443,3.990990990990991,-395193.7269847679
444,4.0,-393663.46070618235
445,4.009009009009009,-393054.2728945488
446,4.018018018018018,-394436.4909632503
447,4.027027027027027,-395959.873441165
448,4.036036036036036,-397532.7753367542
449,4.045045045045045,-399051.38549356326
450,4.054054054054054,-400218.2045510595
451,4.063063063063063,-399048.1783961969
452,4.072072072072072,-389645.7617500664
453,4.081081081081081,-384751.2769241183
454,4.09009009009009,-382929.72966134275
455,4.099099099099099,-384809.9402335189
456,4.108108108108108,-386623.6354031391
457,4.117117117117117,-388405.61798719625
458,4.126126126126126,-390196.8503469106
459,4.135135135135135,-392093.02707650076
460,4.1441441441441444,-390859.3074918267
461,4.153153153153153,-382697.1645290814
462,4.162162162162162,-377922.8632497855
463,4.171171171171171,-374022.9267678104
464,4.18018018018018,-374282.764118406
465,4.1891891891891895,-375143.93099003023
466,4.198198198198198,-376053.19958476454
467,4.207207207207207,-376962.46986042685
468,4.216216216216216,-377843.3742425435
469,4.225225225225225,-377419.0409489133
470,4.2342342342342345,-374050.48662604525
471,4.243243243243243,-376130.11483224767
472,4.252252252252252,-372154.2016900794
473,4.261261261261261,-368872.39100231696
474,4.27027027027027,-368944.8148722721
475,4.2792792792792795,-368989.03520679625
476,4.288288288288288,-369032.93516403687
477,4.297297297297297,-369118.0967994977
478,4.306306306306306,-368494.362930611
479,4.315315315315315,-364936.9385140099
480,4.324324324324325,-370882.1237929319
481,4.333333333333333,-366950.2542711595
482,4.342342342342342,-363084.56874478114
483,4.351351351351351,-359945.07497754187
484,4.36036036036036,-359971.74413736595
485,4.36936936936937,-359997.7954881235
486,4.378378378378378,-359921.0061105674
487,4.387387387387387,-359801.66366270836
488,4.396396396396397,-357016.8531088822
489,4.405405405405405,-353850.3949260466
490,4.414414414414415,-360286.9018291469
491,4.423423423423423,-357918.32925026806
492,4.4324324324324325,-356245.6575320669
493,4.441441441441442,-356159.7624633916
494,4.45045045045045,-356073.63997036
495,4.45945945945946,-356190.71463279106
496,4.468468468468468,-356441.9609559794
497,4.4774774774774775,-355142.57706441695
498,4.486486486486487,-353350.1014419318
499,4.495495495495495,-343575.7635588091
500,4.504504504504505,-342858.80930416385
501,4.513513513513513,-342144.816406821
502,4.5225225225225225,-342890.0915212892
503,4.531531531531532,-344060.6920526332
504,4.54054054054054,-345233.4505094987
505,4.54954954954955,-346408.3691516646
506,4.558558558558558,-347508.55283343035
507,4.5675675675675675,-346532.8226333546
508,4.576576576576577,-339386.53608066944
509,4.585585585585585,-335902.7348114682
510,4.594594594594595,-334930.3881437203
511,4.603603603603603,-334843.62902913656
512,4.612612612612613,-337978.9865687174
513,4.621621621621622,-339707.00221399975
514,4.63063063063063,-338148.36903525324
515,4.63963963963964,-336556.44796800014
516,4.648648648648648,-334904.0106856438
517,4.657657657657658,-333265.74349000526
518,4.666666666666667,-328061.7182922765
519,4.675675675675675,-329814.86417498265
520,4.684684684684685,-331578.6039207401
521,4.693693693693693,-333353.0143957445
522,4.702702702702703,-334520.7779241292
523,4.711711711711712,-333590.9027509785
524,4.7207207207207205,-332672.670541445
525,4.72972972972973,-329151.0725604739
526,4.738738738738738,-325041.45656930027
527,4.747747747747748,-321781.46401612
528,4.756756756756757,-321603.06328554597
529,4.7657657657657655,-321762.3151780645
530,4.774774774774775,-321921.03886207216
531,4.783783783783783,-322162.2512121292
532,4.792792792792793,-321262.3918920006
533,4.801801801801802,-322855.28600460663
534,4.8108108108108105,-322427.5224646111
535,4.81981981981982,-320014.93508257275
536,4.828828828828828,-317631.56701765454
537,4.837837837837838,-317090.9479295865
538,4.846846846846847,-317318.07815595943
539,4.8558558558558556,-317544.9469846203
540,4.864864864864865,-317780.8103715562
541,4.873873873873874,-315692.51978788094
542,4.882882882882883,-312853.206248114
543,4.891891891891892,-315232.66523443913
544,4.900900900900901,-313049.9000191786
545,4.90990990990991,-310892.7950324003
546,4.918918918918919,-310649.41138631216
547,4.927927927927928,-311619.6477845859
548,4.936936936936937,-312592.10104807536
549,4.945945945945946,-313296.87017795496
550,4.954954954954955,-311303.3126082542
551,4.963963963963964,-309331.2818944377
552,4.972972972972973,-303194.6016304401
553,4.981981981981982,-301274.7424739293
554,4.990990990990991,-299375.56669508206
555,5.0,-298274.76673979743
556,5.009009009009009,-299098.310683497
557,5.018018018018018,-299923.421256905
558,5.027027027027027,-300757.49397072836
559,5.036036036036036,-300132.4371710567
560,5.045045045045045,-298160.0020174796
561,5.054054054054054,-302712.3407571304
562,5.063063063063063,-300849.5007544808
563,5.072072072072072,-298076.1864440526
564,5.081081081081081,-295344.34796913783
565,5.09009009009009,-295283.34844199667
566,5.099099099099099,-295299.861204599
567,5.108108108108108,-295260.3712896397
568,5.117117117117117,-294805.24662580615
569,5.126126126126126,-292521.81328527455
570,5.135135135135135,-290954.69480945996
571,5.1441441441441444,-295969.4516728398
572,5.153153153153153,-294410.52761221153
573,5.162162162162162,-292865.55722935783
574,5.171171171171171,-292588.0326702249
575,5.18018018018018,-292482.7396358182
576,5.1891891891891895,-292408.4025676844
577,5.198198198198198,-292374.8181957689
578,5.207207207207207,-291773.05639312125
579,5.216216216216216,-290353.1632710978
580,5.225225225225225,-283152.9043966003
581,5.2342342342342345,-282595.77632492426
582,5.243243243243243,-282040.8356902762
583,5.252252252252252,-281752.1194425754
584,5.261261261261261,-283405.6343998405
585,5.27027027027027,-285064.72508819477
586,5.2792792792792795,-286696.04935811413
587,5.288288288288288,-286432.5422086976
588,5.297297297297297,-285430.21337161167
589,5.306306306306306,-280724.2632456104
590,5.315315315315315,-279753.8555935929
591,5.324324324324325,-278676.6928781512
592,5.333333333333333,-277669.7642888258
593,5.342342342342342,-279025.9880085254
594,5.351351351351351,-280390.0166963292
595,5.36036036036036,-281761.90521484666
596,5.36936936936937,-282233.3415931755
597,5.378378378378378,-281108.22092077055
598,5.387387387387387,-274973.25293620606
599,5.396396396396397,-272671.9207792844
600,5.405405405405405,-271636.4667123635
601,5.414414414414415,-270609.81060079235
602,5.423423423423423,-271707.0605298999
603,5.4324324324324325,-272962.1873816495
604,5.441441441441442,-274223.7298126928
605,5.45045045045045,-275485.39453197306
606,5.45945945945946,-274893.34456786176
607,5.468468468468468,-271846.94093594525
608,5.4774774774774775,-266738.8086887971
609,5.486486486486487,-265742.55826727714
610,5.495495495495495,-264754.5695087266
611,5.504504504504505,-264174.4266310713
612,5.513513513513513,-265496.14166785614
613,5.5225225225225225,-266825.6544376887
614,5.531531531531532,-268163.02120564046
615,5.54054054054054,-268670.7708809012
616,5.54954954954955,-267957.52109223406
617,5.558558558558558,-263731.5321386063
618,5.5675675675675675,-263057.1228050267
619,5.576576576576577,-263138.67627823877
620,5.585585585585585,-263219.94061844953
621,5.594594594594595,-263300.9165266769
622,5.603603603603603,-262628.1413559644
623,5.612612612612613,-261734.0009609257
624,5.621621621621622,-260855.096224826
625,5.63063063063063,-258524.26698897083
626,5.63963963963964,-254824.69542833374
627,5.648648648648648,-252920.12761588133
628,5.657657657657658,-254460.8885963275
629,5.666666666666667,-256542.04797495413
630,5.675675675675675,-258644.16466840036
631,5.684684684684685,-259081.07183559242
632,5.693693693693693,-255615.18514855418
633,5.702702702702703,-252203.83027078072
634,5.711711711711712,-251000.70043061976
635,5.7207207207207205,-250167.0248669495
636,5.72972972972973,-249557.71762292917
637,5.738738738738738,-250685.5035044825
638,5.747747747747748,-251818.75470384842
639,5.756756756756757,-252957.50258881346
640,5.7657657657657655,-254101.77873024615
641,5.774774774774775,-252289.91572183234
642,5.783783783783783,-248990.71710223233
643,5.792792792792793,-246022.42303970185
644,5.801801801801802,-245111.06938525272
645,5.8108108108108105,-244205.94995081672
646,5.81981981981982,-244981.64486202583
647,5.828828828828828,-246191.4152891495
648,5.837837837837838,-247407.4338723799
649,5.846846846846847,-248629.73848324828
650,5.8558558558558556,-248351.4911692909
651,5.864864864864865,-245370.67016773438
652,5.873873873873873,-242170.86742044552
653,5.882882882882883,-241699.5748157559
654,5.891891891891892,-241230.03831829762
655,5.900900900900901,-241118.79633657576
656,5.90990990990991,-242195.13557917962
657,5.918918918918919,-243277.50380242302
658,5.927927927927928,-244365.94318623934
659,5.936936936936937,-243855.3143732978
660,5.945945945945946,-240861.4179511272
661,5.954954954954955,-237925.54162542324
662,5.963963963963964,-236772.63476638493
663,5.972972972972973,-236377.53595783454
664,5.981981981981982,-236026.67074340992
665,5.990990990990991,-237009.2631716799
666,6.0,-238507.61915995495
667,6.009009009009009,-240017.10524114524
668,6.018018018018018,-241074.02583652048
669,6.027027027027027,-238678.91813817047
670,6.036036036036036,-235323.57949382503
671,6.045045045045045,-232042.0031669927
672,6.054054054054054,-231490.93048618606
673,6.063063063063063,-231068.50196503685
674,6.072072072072072,-231343.02492582166
675,6.081081081081081,-232707.17981153546
676,6.09009009009009,-234081.5008490866
677,6.099099099099099,-235466.08295038808
678,6.108108108108108,-234042.20426224734
679,6.117117117117117,-231414.25598994174
680,6.126126126126126,-228835.04167745585
681,6.135135135135135,-227826.56861110384
682,6.1441441441441444,-227090.7019232956
683,6.153153153153153,-226509.07770073722
684,6.162162162162162,-227621.12072552202
685,6.171171171171171,-228748.1630451075
686,6.18018018018018,-229881.84282479258
687,6.1891891891891895,-228921.19063170027
688,6.198198198198198,-226349.24932298652
689,6.207207207207207,-223832.3586868412
690,6.216216216216216,-222791.23340226882
691,6.225225225225225,-222207.26964259328
692,6.2342342342342345,-221626.15076569066
693,6.243243243243243,-221933.09466111183
694,6.252252252252252,-222974.1621737101
695,6.261261261261261,-224021.15232829849
696,6.27027027027027,-224368.89841685107
697,6.2792792792792795,-221927.46843266732
698,6.288288288288288,-219209.7236327605
699,6.297297297297297,-217883.16643537235
700,6.306306306306306,-217226.86279196574
701,6.315315315315315,-216574.0809176953
702,6.324324324324325,-216304.82381494256
703,6.333333333333333,-217285.89837360152
704,6.342342342342342,-218271.74985680988
705,6.351351351351351,-219262.40591424968
706,6.36036036036036,-219156.57027768804
707,6.36936936936937,-216010.66481200734
708,6.378378378378378,-213799.69747129089
709,6.387387387387387,-213206.4934576747
710,6.396396396396396,-212616.3317270185
711,6.405405405405405,-212061.6487604713
712,6.414414414414415,-212532.3590698327
713,6.423423423423423,-214136.86257041513
714,6.4324324324324325,-215756.1284800405
715,6.441441441441442,-216794.42758140087
716,6.45045045045045,-214878.33137971684
717,6.45945945945946,-211664.61714412054
718,6.468468468468468,-210735.84024064714
719,6.4774774774774775,-210309.4870709255
720,6.486486486486487,-209981.64324279234
721,6.495495495495495,-212196.1232261522
722,6.504504504504505,-212166.47935647855
723,6.513513513513513,-211572.8200527547
724,6.5225225225225225,-210982.06899808013
725,6.531531531531532,-209052.16068562394
726,6.54054054054054,-204761.01418224172
727,6.54954954954955,-204237.96064726516
728,6.558558558558558,-205361.58916529722
729,6.5675675675675675,-206492.9001672686
730,6.576576576576577,-207646.20098483303
731,6.585585585585585,-208653.0474469232
732,6.594594594594595,-207257.24464968027
733,6.603603603603603,-205876.82163565382
734,6.612612612612613,-204511.54810256863
735,6.621621621621622,-203159.47460521784
736,6.63063063063063,-202721.64862335182
737,6.63963963963964,-203432.959845701
738,6.648648648648648,-204173.2373080058
739,6.657657657657658,-204929.47865750658
740,6.666666666666667,-205698.0747846221
741,6.675675675675675,-204522.3928014406
742,6.684684684684685,-201979.79376188896
743,6.693693693693693,-199675.02513297333
744,6.702702702702703,-199143.70880591375
745,6.711711711711712,-198899.6694441553
746,6.7207207207207205,-199828.2381856437
747,6.72972972972973,-200761.72137743796
748,6.738738738738738,-201704.86878825302
749,6.747747747747748,-202658.62319136324
750,6.756756756756757,-202579.8530441966
751,6.7657657657657655,-199200.48945822625
752,6.774774774774775,-195902.93602343608
753,6.783783783783783,-195193.70280380445
754,6.792792792792793,-194648.84433442273
755,6.801801801801802,-195445.27197702805
756,6.8108108108108105,-196245.52154514665
757,6.81981981981982,-197034.95703824967
758,6.828828828828828,-197797.8818633385
759,6.837837837837838,-198564.46021455628
760,6.846846846846847,-197013.66399325125
761,6.8558558558558556,-193849.55014274488
762,6.864864864864865,-192643.0768760151
763,6.873873873873873,-191663.7571305318
764,6.882882882882883,-191554.9421846366
765,6.891891891891892,-192115.7639412755
766,6.900900900900901,-192678.33153948176
767,6.90990990990991,-193481.41027938214
768,6.918918918918919,-194292.7935025912
769,6.927927927927928,-193413.6763709952
770,6.936936936936937,-190600.68213061162
771,6.945945945945946,-188817.5811194033
772,6.954954954954955,-187713.40098564513
773,6.963963963963964,-187748.00843133195
774,6.972972972972973,-188285.3516127388
775,6.981981981981982,-188824.2923361226
776,6.990990990990991,-189364.8361983481
777,7.0,-189906.9888183592
778,7.009009009009009,-189911.7185850022
779,7.018018018018018,-187936.9563535636
780,7.027027027027027,-185994.69743554058
781,7.036036036036036,-185394.45424049094
782,7.045045045045045,-185394.33204343176
783,7.054054054054054,-185945.2866415139
784,7.063063063063063,-186497.78537061738
785,7.072072072072072,-187051.83314681533
786,7.081081081081081,-187607.4349029795
787,7.09009009009009,-186626.42223839497
788,7.099099099099099,-184588.64150339505
789,7.108108108108108,-182513.29153640423
790,7.117117117117117,-182131.41504777665
791,7.126126126126126,-181733.6110833582
792,7.135135135135135,-182043.84692953897
793,7.1441441441441444,-182492.17453878617
794,7.153153153153153,-182941.56141527652
795,7.162162162162162,-183392.01042329564
796,7.171171171171171,-183834.4609569188
797,7.18018018018018,-182546.35840381228
798,7.1891891891891895,-179683.03940779823
799,7.198198198198198,-178363.40073827445
800,7.207207207207207,-177893.4163320079
801,7.216216216216216,-178016.11786885242
802,7.225225225225225,-178671.47359446448
803,7.2342342342342345,-179329.6215047091
804,7.243243243243243,-179990.57614576176
805,7.252252252252252,-180661.92252593837
806,7.261261261261261,-180630.72408699585
807,7.27027027027027,-178445.187359707
808,7.2792792792792795,-175645.73631893084
809,7.288288288288288,-174710.35408334993
810,7.297297297297297,-173984.8672463874
811,7.306306306306306,-174671.17547283834
812,7.315315315315315,-175377.25653446166
813,7.324324324324325,-176086.64834223734
814,7.333333333333333,-176799.6312825459
815,7.342342342342342,-177166.01470125973
816,7.351351351351351,-175326.87985623974
817,7.36036036036036,-173040.39045831433
818,7.36936936936937,-172112.34920193456
819,7.378378378378378,-171310.02681058593
820,7.387387387387387,-171520.59373877957
821,7.396396396396396,-171731.23770446115
822,7.405405405405405,-171941.95868548178
823,7.414414414414415,-172152.75665961677
824,7.423423423423423,-172362.53776599644
825,7.4324324324324325,-171573.12832357152
826,7.441441441441442,-170637.21755916125
827,7.45045045045045,-170023.5827622701
828,7.45945945945946,-170259.83166763408
829,7.468468468468468,-170498.60952286157
830,7.4774774774774775,-170737.48558262578
831,7.486486486486487,-170976.4598122473
832,7.495495495495495,-170847.59690478974
833,7.504504504504505,-170103.24121119513
834,7.513513513513513,-168501.31061402793
835,7.5225225225225225,-166632.7109711573
836,7.531531531531532,-165343.01415722605
837,7.54054054054054,-166051.34890704128
838,7.54954954954955,-166763.5459650264
839,7.558558558558558,-167479.63186317342
840,7.5675675675675675,-168199.6333521012
841,7.576576576576577,-167605.9988564436
842,7.585585585585585,-166029.28384848463
843,7.594594594594595,-164569.32849682533
844,7.603603603603603,-163684.71223116433
845,7.612612612612613,-163007.73467493907
846,7.621621621621622,-163434.35434335854
847,7.63063063063063,-163861.96757700611
848,7.63963963963964,-164290.57695592474
849,7.648648648648648,-164720.18506716588
850,7.657657657657658,-164887.01612375872
851,7.666666666666667,-164373.75916844205
852,7.675675675675675,-162636.17127796263
853,7.684684684684685,-160907.97374779588
854,7.693693693693693,-161086.44938366528
855,7.702702702702703,-161313.79962775664
856,7.711711711711712,-161537.6213256553
857,7.7207207207207205,-161761.5279179892
858,7.72972972972973,-161985.51936784672
859,7.738738738738738,-162066.39240205134
860,7.747747747747748,-161351.39522085543
861,7.756756756756757,-160382.95585004144
862,7.7657657657657655,-158699.60504352086
863,7.774774774774775,-157920.63277368754
864,7.783783783783783,-158099.96119158543
865,7.792792792792793,-158279.37327964688
866,7.801801801801802,-158458.60026178608
867,7.8108108108108105,-158637.8199951299
868,7.81981981981982,-158817.12333610063
869,7.828828828828828,-158257.5363952045
870,7.837837837837838,-157515.27004892722
871,7.846846846846847,-155823.5806309226
872,7.8558558558558556,-154739.9178924826
873,7.864864864864865,-155120.1957029583
874,7.873873873873873,-155502.49476492146
875,7.882882882882883,-155896.93389840308
876,7.891891891891892,-156292.32063965764
877,7.900900900900901,-156688.65759630257
878,7.90990990990991,-155891.01488225043
879,7.918918918918918,-154961.8462422635
880,7.927927927927928,-153736.5898939247
881,7.936936936936937,-152551.7249740523
882,7.945945945945946,-151982.04470845236
883,7.954954954954955,-152336.3578095807
884,7.963963963963964,-152689.46018452343
885,7.972972972972973,-153041.7305533923
886,7.981981981981982,-153394.82821516148
887,7.990990990990991,-153070.38639642045
888,8.0,-152197.64297075276
889,8.00900900900901,-151335.9936737802
890,8.018018018018019,-149672.65034266206
891,8.027027027027026,-148762.43888663227
892,8.036036036036036,-149120.59974155665
893,8.045045045045045,-149479.416315734
894,8.054054054054054,-149829.2538418564
895,8.063063063063064,-150179.88971008873
896,8.072072072072071,-150531.3260332268
897,8.08108108108108,-149767.1146505857
898,8.09009009009009,-148987.91764791217
899,8.0990990990991,-147832.20798996347
900,8.108108108108109,-145741.3857974538
901,8.117117117117116,-146203.69765959008
902,8.126126126126126,-146667.66425699697
903,8.135135135135135,-147161.1818866529
904,8.144144144144144,-147658.79377544855
905,8.153153153153154,-148158.19779827315
906,8.162162162162161,-148315.48774689855
907,8.17117117117117,-147980.76510564002
908,8.18018018018018,-147621.83346936462
909,8.18918918918919,-145397.27795377182
910,8.198198198198199,-145140.41357248105
911,8.207207207207206,-145326.4954819217
912,8.216216216216216,-145483.44231464318
913,8.225225225225225,-145621.6912090591
914,8.234234234234235,-145759.98464820746
915,8.243243243243244,-145898.3226294239
916,8.252252252252251,-145636.66436020154
917,8.26126126126126,-145161.61756443873
918,8.27027027027027,-144690.43268364173
919,8.27927927927928,-142159.81662782162
920,8.288288288288289,-142115.41209313547
921,8.297297297297296,-142098.20325711003
922,8.306306306306306,-142082.1469321622
923,8.315315315315315,-142065.99831073952
924,8.324324324324325,-142049.75781746735
925,8.333333333333334,-141760.00839199635
926,8.342342342342342,-141183.06347041673
927,8.35135135135135,-140571.7764686583
928,8.36036036036036,-140036.84926704987
929,8.36936936936937,-140168.64056873787
930,8.378378378378379,-140678.7651171791
931,8.387387387387387,-141191.9479930297
932,8.396396396396396,-141707.33640617496
933,8.405405405405405,-142224.94205126792
934,8.414414414414415,-141930.33807376775
935,8.423423423423424,-139813.2196579139
936,8.432432432432432,-139230.41563783164
937,8.441441441441441,-138651.76017142704
938,8.45045045045045,-138283.3179871781
939,8.45945945945946,-138848.27081980318
940,8.468468468468469,-139409.89046703206
941,8.477477477477477,-139300.8901196077
942,8.486486486486486,-138888.4193711097
943,8.495495495495495,-138367.86939044067
944,8.504504504504505,-136179.49089756803
945,8.513513513513514,-136256.7789348339
946,8.522522522522522,-136510.2227627089
947,8.531531531531531,-136764.22942952366
948,8.54054054054054,-137039.39824545677
949,8.54954954954955,-137324.90917755113
950,8.558558558558559,-137503.87540932192
951,8.567567567567567,-136885.32730204807
952,8.576576576576576,-136271.30412472505
953,8.585585585585585,-133819.55139209807
954,8.594594594594595,-133226.29182931813
955,8.603603603603604,-133521.27349092503
956,8.612612612612612,-133853.0619685178
957,8.621621621621621,-134207.48682824647
958,8.63063063063063,-134562.8102889728
959,8.63963963963964,-134919.03498514873
960,8.64864864864865,-134858.58170631088
961,8.657657657657657,-134795.34559019224
962,8.666666666666666,-132934.59337485567
963,8.675675675675675,-132872.66057201155
964,8.684684684684685,-132810.7575341359
965,8.693693693693694,-132716.88852242875
966,8.702702702702702,-132619.81381865955
967,8.711711711711711,-132522.8805254168
968,8.72072072072072,-132427.47205553015
969,8.72972972972973,-132345.8148732902
970,8.73873873873874,-132264.25565804023
971,8.747747747747749,-132137.18828655838
972,8.756756756756756,-131956.3091173836
973,8.765765765765765,-131775.90341821645
974,8.774774774774775,-131610.5637486825
975,8.783783783783784,-131449.70324369142
976,8.792792792792794,-131289.23088610868
977,8.801801801801801,-131129.1452861582
978,8.81081081081081,-130969.32738885474
979,8.81981981981982,-130809.78754345265
980,8.82882882882883,-130624.4369141871
981,8.837837837837839,-130386.37754379844
982,8.846846846846846,-130149.13393298915
983,8.855855855855856,-129952.36518813514
984,8.864864864864865,-129761.60363707073
985,8.873873873873874,-129571.39991750322
986,8.882882882882884,-129381.75159169629
987,8.891891891891891,-129192.65623606765
988,8.9009009009009,-128998.67891964456
989,8.90990990990991,-128805.01567833389
990,8.91891891891892,-128603.71837284115
991,8.927927927927929,-128395.64848551067
992,8.936936936936936,-128199.47647462261
993,8.945945945945946,-128013.68697484308
994,8.954954954954955,-127828.4351230593
995,8.963963963963964,-127643.71858915352
996,8.972972972972974,-127459.53505645102
997,8.981981981981981,-127155.68229126866
998,8.99099099099099,-126775.60349109759
999,9.0,-125534.22939346146
