,H,Sxy
0,0.0,-3075706.8470761045
1,0.009009009009009009,-3136131.818591001
2,0.018018018018018018,-3442272.6429339047
3,0.02702702702702703,-3780721.8770826887
4,0.036036036036036036,-4128908.7440870767
5,0.04504504504504504,-3862663.177893668
6,0.05405405405405406,-3993070.1889935234
7,0.06306306306306306,-4220705.876660829
8,0.07207207207207207,-4623975.01090802
9,0.08108108108108109,-5019923.302925285
10,0.09009009009009009,-5384023.628968811
11,0.0990990990990991,-5746980.644539273
12,0.10810810810810811,-5300168.513387302
13,0.11711711711711711,-4469891.553602635
14,0.12612612612612611,-3847006.851163662
15,0.13513513513513514,-3943357.6870547365
16,0.14414414414414414,-4320486.130739823
17,0.15315315315315314,-4661160.140488477
18,0.16216216216216217,-4191845.0984304855
19,0.17117117117117117,-3871110.1900852555
20,0.18018018018018017,-3514979.976974247
21,0.1891891891891892,-3060674.431963086
22,0.1981981981981982,-2415076.319449421
23,0.2072072072072072,-1956993.5402312283
24,0.21621621621621623,-1889263.6905235627
25,0.22522522522522523,-1886932.9105645206
26,0.23423423423423423,-1942265.3333539881
27,0.24324324324324323,-2287447.5020749564
28,0.25225225225225223,-2105724.3278601374
29,0.26126126126126126,-1928413.1627164732
30,0.2702702702702703,-1690593.025757907
31,0.27927927927927926,-1268268.6276520279
32,0.2882882882882883,-980625.2783302637
33,0.2972972972972973,-854568.1822372731
34,0.3063063063063063,-823038.2609892058
35,0.3153153153153153,-792284.6849893583
36,0.32432432432432434,-790468.9927390042
37,0.3333333333333333,-770387.6092059342
38,0.34234234234234234,-738220.0661699342
39,0.35135135135135137,-662726.8399997514
40,0.36036036036036034,-517388.8761944825
41,0.36936936936936937,-411712.3599538127
42,0.3783783783783784,-332725.73689508706
43,0.38738738738738737,-296035.8659146193
44,0.3963963963963964,-285528.9538631359
45,0.40540540540540543,-277547.78931705555
46,0.4144144144144144,-279222.4991263522
47,0.42342342342342343,-255018.21901176567
48,0.43243243243243246,-215525.60839346363
49,0.44144144144144143,-155849.74207449562
50,0.45045045045045046,-104973.42249721804
51,0.45945945945945943,-67642.58727381923
52,0.46846846846846846,-40899.851435935634
53,0.4774774774774775,-22082.098686580695
54,0.48648648648648646,-3331.1856965135526
55,0.4954954954954955,16895.382820704694
56,0.5045045045045045,44695.06846941325
57,0.5135135135135135,80289.44117553864
58,0.5225225225225225,112092.66551539791
59,0.5315315315315315,128670.73864022637
60,0.5405405405405406,140514.47094729755
61,0.5495495495495496,148876.37714408792
62,0.5585585585585585,163762.64684036354
63,0.5675675675675675,191168.533399116
64,0.5765765765765766,234376.54221030322
65,0.5855855855855856,250183.30443322967
66,0.5945945945945946,262890.25637333456
67,0.6036036036036035,275194.38453580707
68,0.6126126126126126,272523.4596163692
69,0.6216216216216216,261507.67414541633
70,0.6306306306306306,251234.92467242441
71,0.6396396396396397,259456.80475332504
72,0.6486486486486487,277027.92247027537
73,0.6576576576576576,313136.40015841153
74,0.6666666666666666,336307.0704499339
75,0.6756756756756757,336661.2271601883
76,0.6846846846846847,336924.2555126011
77,0.6936936936936937,331001.7917496705
78,0.7027027027027027,309567.3311525192
79,0.7117117117117117,290723.3227159595
80,0.7207207207207207,292944.2602720616
81,0.7297297297297297,304907.87754197035
82,0.7387387387387387,335175.6908132399
83,0.7477477477477478,367114.73303051083
84,0.7567567567567568,373898.8518944586
85,0.7657657657657657,380436.7493425973
86,0.7747747747747747,378162.65007669886
87,0.7837837837837838,344734.06319057423
88,0.7927927927927928,316382.48061379
89,0.8018018018018018,300708.00356553996
90,0.8108108108108109,302404.59116378875
91,0.8198198198198198,325953.58541350253
92,0.8288288288288288,358568.90831966454
93,0.8378378378378378,369916.84023894137
94,0.8468468468468469,362086.9388420753
95,0.8558558558558559,355540.2751701932
96,0.8648648648648649,348113.66548415925
97,0.8738738738738738,329237.419964462
98,0.8828828828828829,312229.13051533065
99,0.8918918918918919,296831.1242742315
100,0.9009009009009009,288357.1152457784
101,0.9099099099099099,298028.3176077451
102,0.9189189189189189,308421.397323699
103,0.9279279279279279,319620.5281251001
104,0.9369369369369369,331319.95987846976
105,0.9459459459459459,349310.76624069276
106,0.954954954954955,360409.85116258735
107,0.963963963963964,362277.4455560233
108,0.9729729729729729,363945.35477470816
109,0.9819819819819819,351460.78155205934
110,0.990990990990991,338508.81163938856
111,1.0,326604.2885727024
112,1.009009009009009,315528.0329746208
113,1.018018018018018,305444.9541617916
114,1.027027027027027,296446.6679769014
115,1.0360360360360361,301015.3009884388
116,1.045045045045045,314380.2886475224
117,1.054054054054054,335290.67380800354
118,1.063063063063063,344473.8927366926
119,1.072072072072072,345719.73158782435
120,1.0810810810810811,350226.3781533961
121,1.09009009009009,355790.1800532633
122,1.0990990990990992,358615.7760404438
123,1.1081081081081081,334057.37314391165
124,1.117117117117117,318006.2847513207
125,1.1261261261261262,317408.601893181
126,1.135135135135135,317990.6015646234
127,1.1441441441441442,336808.8535227871
128,1.1531531531531531,337201.1800377066
129,1.162162162162162,337510.0083097152
130,1.1711711711711712,337739.92804316024
131,1.1801801801801801,338006.2022852926
132,1.1891891891891893,332858.16409310774
133,1.1981981981981982,311378.2393714053
134,1.207207207207207,305604.40906361124
135,1.2162162162162162,304771.5967739857
136,1.2252252252252251,314682.10620590864
137,1.2342342342342343,319169.7069687861
138,1.2432432432432432,319995.66916150256
139,1.2522522522522523,320744.0861389878
140,1.2612612612612613,321457.09904645686
141,1.2702702702702702,320085.726704585
142,1.2792792792792793,305566.60656476644
143,1.2882882882882882,299032.684918215
144,1.2972972972972974,302082.4372167992
145,1.3063063063063063,307420.29318959656
146,1.3153153153153152,318425.93322675856
147,1.3243243243243243,318413.48861958785
148,1.3333333333333333,318346.81790127564
149,1.3423423423423424,319249.74768468004
150,1.3513513513513513,321155.89581015403
151,1.3603603603603605,311584.089603125
152,1.3693693693693694,302475.72129685635
153,1.3783783783783783,306038.2829690603
154,1.3873873873873874,309542.82938012236
155,1.3963963963963963,319781.68925353826
156,1.4054054054054055,316561.4590844811
157,1.4144144144144144,313398.17629469093
158,1.4234234234234233,310290.7122752917
159,1.4324324324324325,307358.9749588169
160,1.4414414414414414,295628.2226426657
161,1.4504504504504505,290666.6465563304
162,1.4594594594594594,293414.1021208356
163,1.4684684684684683,296112.81373508513
164,1.4774774774774775,300938.7573499219
165,1.4864864864864864,299129.44635891385
166,1.4954954954954955,297328.91945790866
167,1.5045045045045045,295537.80279245216
168,1.5135135135135136,293885.8872548919
169,1.5225225225225225,286956.0247390351
170,1.5315315315315314,277565.32593427825
171,1.5405405405405406,274310.28532759694
172,1.5495495495495495,277151.77522845607
173,1.5585585585585586,280294.5643437859
174,1.5675675675675675,289526.0005629148
175,1.5765765765765765,289734.84826266265
176,1.5855855855855856,289906.4924660254
177,1.5945945945945945,290079.0084449845
178,1.6036036036036037,285876.78328925883
179,1.6126126126126126,272369.3221026594
180,1.6216216216216217,263972.1667786104
181,1.6306306306306306,262204.3906246916
182,1.6396396396396395,264934.4590511429
183,1.6486486486486487,275090.74596218957
184,1.6576576576576576,277133.35724959744
185,1.6666666666666667,276582.3710696792
186,1.6756756756756757,276033.44931393303
187,1.6846846846846846,275482.6361435597
188,1.6936936936936937,271550.4037803928
189,1.7027027027027026,266588.8316829202
190,1.7117117117117118,261801.3140914031
191,1.7207207207207207,257179.00188869092
192,1.7297297297297298,259569.3846885188
193,1.7387387387387387,260853.54442793032
194,1.7477477477477477,261424.58987933947
195,1.7567567567567568,261967.56140399782
196,1.7657657657657657,262715.50303800637
197,1.7747747747747749,259865.33398202623
198,1.7837837837837838,257362.0312212717
199,1.7927927927927927,255619.116908919
200,1.8018018018018018,253893.74380268835
201,1.8108108108108107,254039.09472962585
202,1.8198198198198199,257136.06251879907
203,1.8288288288288288,250240.4093432364
204,1.8378378378378377,243793.82474102394
205,1.8468468468468469,250022.01260629325
206,1.8558558558558558,256432.44270636977
207,1.864864864864865,258899.129446918
208,1.8738738738738738,259214.2980284413
209,1.882882882882883,253934.70271124915
210,1.8918918918918919,246426.9678273208
211,1.9009009009009008,242320.3223661895
212,1.90990990990991,240857.81677314118
213,1.9189189189189189,239406.99428519965
214,1.927927927927928,238096.2794947833
215,1.936936936936937,243897.72288959567
216,1.9459459459459458,240067.47784778912
217,1.954954954954955,235131.75529732858
218,1.9639639639639639,241738.72306089223
219,1.972972972972973,242516.92947897373
220,1.981981981981982,242759.36812956855
221,1.990990990990991,242983.5683492555
222,2.0,243190.00562040423
223,2.009009009009009,238896.70638638668
224,2.018018018018018,236908.2029512616
225,2.027027027027027,235483.37245389013
226,2.036036036036036,234161.6093619481
227,2.045045045045045,236829.17043056057
228,2.054054054054054,238647.50116250094
229,2.063063063063063,237336.84626432782
230,2.0720720720720722,236032.8454767643
231,2.081081081081081,234735.80207956157
232,2.09009009009009,234114.49288687683
233,2.099099099099099,232595.98053676786
234,2.108108108108108,230805.2589926353
235,2.1171171171171173,229041.55731256833
236,2.126126126126126,227461.25980475824
237,2.135135135135135,230071.40557322727
238,2.144144144144144,230075.95724636427
239,2.153153153153153,228360.9818417469
240,2.1621621621621623,226671.11064694662
241,2.171171171171171,225005.80355423104
242,2.18018018018018,224516.0717124609
243,2.189189189189189,223709.61018548382
244,2.1981981981981984,222955.28473329128
245,2.2072072072072073,222331.93715388337
246,2.2162162162162162,224936.70034823928
247,2.225225225225225,222805.7169203614
248,2.234234234234234,220374.06380543142
249,2.2432432432432434,217994.65832729623
250,2.2522522522522523,215665.84153268157
251,2.2612612612612613,215254.88513204653
252,2.27027027027027,214837.82711828506
253,2.279279279279279,214409.3125313749
254,2.2882882882882885,213972.2571613105
255,2.2972972972972974,216225.35126916098
256,2.3063063063063063,215307.28057568427
257,2.315315315315315,214394.18405749663
258,2.324324324324324,213486.10632724586
259,2.3333333333333335,212583.08717499374
260,2.3423423423423424,210418.82973887157
261,2.3513513513513513,209844.6508813641
262,2.3603603603603602,209370.5864326341
263,2.369369369369369,208911.5286528604
264,2.3783783783783785,208444.57606300764
265,2.3873873873873874,209170.33205219716
266,2.3963963963963963,209820.66542185127
267,2.4054054054054053,210450.27958300803
268,2.414414414414414,211059.54091361468
269,2.4234234234234235,209218.2339165419
270,2.4324324324324325,207174.0346023303
271,2.4414414414414414,205596.33029331564
272,2.4504504504504503,204039.1026940402
273,2.4594594594594597,202505.25325144726
274,2.4684684684684686,202293.37241086765
275,2.4774774774774775,202572.9618447083
276,2.4864864864864864,202842.24621388383
277,2.4954954954954953,203101.39930106726
278,2.5045045045045047,203350.59238059865
279,2.5135135135135136,201039.74453551753
280,2.5225225225225225,199455.59112778047
281,2.5315315315315314,197916.54206346374
282,2.5405405405405403,196401.06137097065
283,2.5495495495495497,194259.4803129022
284,2.5585585585585586,194721.3635151252
285,2.5675675675675675,195172.936794217
286,2.5765765765765765,195614.32466320854
287,2.5855855855855854,196045.65072245483
288,2.5945945945945947,195207.95631570136
289,2.6036036036036037,194761.70124907306
290,2.6126126126126126,195319.56914205285
291,2.6216216216216215,195861.4815593096
292,2.6306306306306304,196387.67995459822
293,2.6396396396396398,194677.79831366957
294,2.6486486486486487,193849.8063920207
295,2.6576576576576576,193025.89724049187
296,2.6666666666666665,192206.1340803381
297,2.6756756756756754,190746.96663949554
298,2.684684684684685,189163.2230968636
299,2.6936936936936937,189564.50548031196
300,2.7027027027027026,189948.61801833642
301,2.7117117117117115,190325.0258250422
302,2.720720720720721,188326.4097217688
303,2.72972972972973,188541.80623569145
304,2.7387387387387387,188750.51533811592
305,2.7477477477477477,188952.62790751862
306,2.7567567567567566,187814.81541643012
307,2.765765765765766,185916.8078462637
308,2.774774774774775,184764.5398461209
309,2.7837837837837838,183897.68667650694
310,2.7927927927927927,183086.55945366097
311,2.8018018018018016,183499.27009990957
312,2.810810810810811,184280.90974225596
313,2.81981981981982,185049.18481771462
314,2.828828828828829,185804.17918414745
315,2.8378378378378377,186468.5587178572
316,2.8468468468468466,186935.82101909758
317,2.855855855855856,187204.28096919882
318,2.864864864864865,185711.72829167714
319,2.873873873873874,184180.80531935926
320,2.8828828828828827,182674.62727104948
321,2.8918918918918917,181192.60475825067
322,2.900900900900901,174685.57405288325
323,2.90990990990991,173535.00251941342
324,2.918918918918919,172399.48817735317
325,2.9279279279279278,171278.73737801195
326,2.9369369369369367,170531.35406131286
327,2.945945945945946,174075.8765056064
328,2.954954954954955,172952.08784209847
329,2.963963963963964,171842.69970149966
330,2.972972972972973,170747.43737102213
331,2.981981981981982,177295.62113423986
332,2.990990990990991,175625.43893758615
333,3.0,173985.498157705
334,3.009009009009009,172375.00359825217
335,3.018018018018018,170793.18718293263
336,3.027027027027027,174659.30979885155
337,3.036036036036036,173008.36672017275
338,3.045045045045045,171365.92036530183
339,3.054054054054054,169744.80917043483
340,3.063063063063063,168152.78091227383
341,3.0720720720720722,171426.56287043061
342,3.081081081081081,169766.8735089182
343,3.09009009009009,168137.42719114418
344,3.099099099099099,166537.43481324604
345,3.108108108108108,167735.12864706933
346,3.1171171171171173,168621.21614476098
347,3.126126126126126,166916.05864087358
348,3.135135135135135,165216.7270694578
349,3.144144144144144,163548.54037395996
350,3.153153153153153,163581.30896885376
351,3.1621621621621623,165122.65173664258
352,3.171171171171171,163417.43196212559
353,3.18018018018018,161743.68955860034
354,3.189189189189189,162721.4763365165
355,3.198198198198198,164355.67324031825
356,3.2072072072072073,163323.85252748418
357,3.2162162162162162,162008.35912578966
358,3.225225225225225,160713.2597714672
359,3.234234234234234,159438.0948026836
360,3.2432432432432434,162798.0174904133
361,3.2522522522522523,161493.0177605133
362,3.2612612612612613,160208.09255851503
363,3.27027027027027,158942.785581546
364,3.279279279279279,159734.63192164237
365,3.2882882882882885,158938.38508061835
366,3.2972972972972974,157710.11010690033
367,3.3063063063063063,156500.07913692744
368,3.315315315315315,155307.8985804777
369,3.324324324324324,157895.4793683863
370,3.3333333333333335,156728.80927506654
371,3.3423423423423424,155578.76859011507
372,3.3513513513513513,154445.0121402215
373,3.3603603603603602,154899.98411653328
374,3.369369369369369,156128.5174050448
375,3.3783783783783785,155277.65444052906
376,3.3873873873873874,153893.03092613508
377,3.3963963963963963,152531.5275050348
378,3.4054054054054053,154702.35126787846
379,3.414414414414414,153336.24082659392
380,3.4234234234234235,151992.6866640055
381,3.4324324324324325,150671.1579894615
382,3.4414414414414414,150180.52976413048
383,3.4504504504504503,151115.46034496266
384,3.4594594594594597,151525.86445246718
385,3.4684684684684686,150232.20775015763
386,3.4774774774774775,148959.21968478287
387,3.4864864864864864,151565.25606428616
388,3.4954954954954953,151679.80573809618
389,3.5045045045045047,150374.61722615495
390,3.5135135135135136,149090.31744652058
391,3.5225225225225225,147892.3017850955
392,3.5315315315315314,148737.58059873022
393,3.5405405405405403,149671.21253768585
394,3.5495495495495497,148459.08215022486
395,3.5585585585585586,147265.32328415493
396,3.5675675675675675,146456.93968667235
397,3.5765765765765765,148632.1440223557
398,3.5855855855855854,147459.98230820993
399,3.5945945945945947,146305.13957116226
400,3.6036036036036037,145167.25071305875
401,3.6126126126126126,144719.27778173142
402,3.6216216216216215,145992.62649477905
403,3.6306306306306304,145358.1631437731
404,3.6396396396396398,144211.53994034152
405,3.6486486486486487,143081.7000156337
406,3.6576576576576576,142899.72729124813
407,3.6666666666666665,144093.83987533682
408,3.6756756756756754,143470.1407419906
409,3.684684684684685,143649.39926314578
410,3.6936936936936937,143825.36932301492
411,3.7027027027027026,143999.87509048273
412,3.7117117117117115,143759.10817737784
413,3.720720720720721,143023.72735127385
414,3.72972972972973,142295.81216766345
415,3.7387387387387387,141575.24978404885
416,3.7477477477477477,138213.9974097463
417,3.7567567567567566,137418.91095420902
418,3.765765765765766,139096.66838682196
419,3.774774774774775,138323.50680978814
420,3.7837837837837838,137572.66667156847
421,3.7927927927927927,136838.18901044157
422,3.8018018018018016,136149.3440116949
423,3.810810810810811,135675.28222273185
424,3.81981981981982,135204.24801348156
425,3.828828828828829,134736.21660359512
426,3.8378378378378377,134271.1633886129
427,3.8468468468468466,134955.75268925194
428,3.855855855855856,136049.58271805377
429,3.864864864864865,135532.06799648932
430,3.873873873873874,135015.12474233285
431,3.8828828828828827,135306.48996595718
432,3.8918918918918917,136403.67971478694
433,3.900900900900901,135475.3857536275
434,3.90990990990991,134465.32362187523
435,3.918918918918919,133469.09697867453
436,3.9279279279279278,133395.81903419955
437,3.9369369369369367,134160.53132129446
438,3.945945945945946,133211.3605900482
439,3.954954954954955,132276.60642451164
440,3.963963963963964,132159.9592732791
441,3.972972972972973,133207.39637208424
442,3.981981981981982,132570.92799776417
443,3.990990990990991,131634.97260542135
444,4.0,130711.37649115831
445,4.009009009009009,129799.90719406391
446,4.018018018018018,130629.41024274379
447,4.027027027027027,130247.48526049391
448,4.036036036036036,129355.78877502932
449,4.045045045045045,129327.32121056621
450,4.054054054054054,130034.79641942018
451,4.063063063063063,129909.59843103384
452,4.072072072072072,129001.3548736982
453,4.081081081081081,128104.90911147176
454,4.09009009009009,127220.04389970946
455,4.099099099099099,126888.9394513027
456,4.108108108108108,128489.76226270737
457,4.117117117117117,127584.14478835736
458,4.126126126126126,127273.66802931642
459,4.135135135135135,127683.12745676385
460,4.1441441441441444,128089.33761831846
461,4.153153153153153,127641.12532259642
462,4.162162162162162,126896.01641913944
463,4.171171171171171,126159.26366580915
464,4.18018018018018,125568.10395242446
465,4.1891891891891895,126647.0615388911
466,4.198198198198198,126092.59439795934
467,4.207207207207207,125393.66233483181
468,4.216216216216216,125308.44880142553
469,4.225225225225225,125498.85227674029
470,4.2342342342342345,124964.12842095605
471,4.243243243243243,124306.9627030168
472,4.252252252252252,123656.65611551065
473,4.261261261261261,123013.1020656196
474,4.27027027027027,123277.88096300421
475,4.2792792792792795,123824.79479597755
476,4.288288288288288,123245.14050331712
477,4.297297297297297,123030.19844790023
478,4.306306306306306,123630.0153638997
479,4.315315315315315,123474.67444759943
480,4.324324324324325,122624.1039582529
481,4.333333333333333,121783.88237735773
482,4.342342342342342,120953.83773854321
483,4.351351351351351,120683.3516416762
484,4.36036036036036,121089.8731507782
485,4.36936936936937,120518.3481285721
486,4.378378378378378,120485.60376304724
487,4.387387387387387,120759.12792799508
488,4.396396396396397,121032.23102784272
489,4.405405405405405,120251.52262489121
490,4.414414414414415,119438.65755702929
491,4.423423423423423,118635.95124925552
492,4.4324324324324325,118253.51957955882
493,4.441441441441442,118609.94242513996
494,4.45045045045045,118173.96249635647
495,4.45945945945946,117991.9440124502
496,4.468468468468468,118155.54557496504
497,4.4774774774774775,118315.7868187905
498,4.486486486486487,118297.4238240201
499,4.495495495495495,117511.27939599694
500,4.504504504504505,116735.09098481227
501,4.513513513513513,116248.98625439397
502,4.5225225225225225,116535.55604299523
503,4.531531531531532,116263.66434860694
504,4.54054054054054,115679.04690384328
505,4.54954954954955,115968.73379261451
506,4.558558558558558,116256.24186278592
507,4.5675675675675675,116473.38992063623
508,4.576576576576577,115813.77885441836
509,4.585585585585585,115176.03995164402
510,4.594594594594595,114544.76420510175
511,4.603603603603603,114349.34999905496
512,4.612612612612613,114175.50940757804
513,4.621621621621622,113660.35793994606
514,4.63063063063063,113390.84296376051
515,4.63963963963964,113518.69815843356
516,4.648648648648648,113644.91789159729
517,4.657657657657658,113384.92876247883
518,4.666666666666667,113541.15310818478
519,4.675675675675675,113827.20338941758
520,4.684684684684685,113324.9967175518
521,4.693693693693693,112761.59523139527
522,4.702702702702703,112203.49764129127
523,4.711711711711712,111653.05992881795
524,4.7207207207207205,111630.06628160134
525,4.72972972972973,111606.04739827669
526,4.738738738738738,111303.8826907589
527,4.747747747747748,110895.19294256467
528,4.756756756756757,111137.58128973425
529,4.7657657657657655,110661.83006053606
530,4.774774774774775,110339.2733458332
531,4.783783783783783,110592.22061898871
532,4.792792792792793,110843.27958813404
533,4.801801801801802,110689.72906084149
534,4.8108108108108105,110150.8491823606
535,4.81981981981982,109616.7276667997
536,4.828828828828828,109281.53756263517
537,4.837837837837838,109587.78421278334
538,4.846846846846847,109277.72799303284
539,4.8558558558558556,108718.92604730572
540,4.864864864864865,108798.25789194355
541,4.873873873873874,109021.0295972325
542,4.882882882882883,109120.5644446819
543,4.891891891891892,108660.03436601505
544,4.900900900900901,108203.17247021651
545,4.90990990990991,107749.99067693131
546,4.918918918918919,107337.29039293736
547,4.927927927927928,107965.66062651182
548,4.936936936936937,107523.49203671742
549,4.945945945945946,107299.95493868491
550,4.954954954954955,107293.7492594047
551,4.963963963963964,107287.02165235668
552,4.972972972972973,106910.22137629632
553,4.981981981981982,106469.0057935047
554,4.990990990990991,106031.32990908834
555,5.0,105597.15214501729
556,5.009009009009009,106025.07459477115
557,5.018018018018018,105594.29498823354
558,5.027027027027027,105407.4805408993
559,5.036036036036036,105582.88476621476
560,5.045045045045045,105756.63731117228
561,5.054054054054054,105591.05331979578
562,5.063063063063063,105096.49719746814
563,5.072072072072072,104606.33274913077
564,5.081081081081081,104120.50395755634
565,5.09009009009009,104185.36463391084
566,5.099099099099099,104095.95207007235
567,5.108108108108108,103610.4594258024
568,5.117117117117117,103415.2043513995
569,5.126126126126126,103382.99840711865
570,5.135135135135135,103350.71953059915
571,5.1441441441441444,103318.6583885261
572,5.153153153153153,103285.1284019395
573,5.162162162162162,103079.37115430548
574,5.171171171171171,102550.58062793402
575,5.18018018018018,102724.88919402464
576,5.1891891891891895,102102.80552072621
577,5.198198198198198,101721.21567102423
578,5.207207207207207,101825.32256264181
579,5.216216216216216,101926.27818985409
580,5.225225225225225,101696.27591101018
581,5.2342342342342345,101253.65580526575
582,5.243243243243243,100814.32668344084
583,5.252252252252252,100378.58988580412
584,5.261261261261261,100729.1871366514
585,5.27027027027027,100295.79204839774
586,5.2792792792792795,99981.76376804055
587,5.288288288288288,100056.35592960726
588,5.297297297297297,100129.77936535922
589,5.306306306306306,100080.04912804569
590,5.315315315315315,99674.73106288325
591,5.324324324324325,99272.54447906019
592,5.333333333333333,98873.45489349432
593,5.342342342342342,98520.49318454739
594,5.351351351351351,99145.11985920655
595,5.36036036036036,98716.14766664743
596,5.36936936936937,98336.0281925428
597,5.378378378378378,98093.01261765412
598,5.387387387387387,97851.2040998314
599,5.396396396396397,97610.58364463497
600,5.405405405405405,97371.148370339
601,5.414414414414415,97132.88826221897
602,5.423423423423423,96895.79105713747
603,5.4324324324324325,96893.10869185667
604,5.441441441441442,97152.08613655162
605,5.45045045045045,97422.55082260173
606,5.45945945945946,97474.3168133754
607,5.468468468468468,97374.82455464416
608,5.4774774774774775,97274.86463373723
609,5.486486486486487,97174.70567158183
610,5.495495495495495,97074.15079442588
611,5.504504504504505,96973.39316838555
612,5.513513513513513,96238.85925213045
613,5.5225225225225225,95750.48585511665
614,5.531531531531532,95266.57143679929
615,5.54054054054054,95133.68855227213
616,5.54954954954955,95066.22211008477
617,5.558558558558558,94998.39646691197
618,5.5675675675675675,94930.25294592352
619,5.576576576576577,94861.96107691599
620,5.585585585585585,95373.7835488634
621,5.594594594594595,95096.48491550083
622,5.603603603603603,94597.11587114345
623,5.612612612612613,94102.34286245973
624,5.621621621621622,93813.63925039358
625,5.63063063063063,93594.87844639824
626,5.63963963963964,93375.14550552903
627,5.648648648648648,93155.93172165255
628,5.657657657657658,92937.48540880388
629,5.666666666666667,93009.34006367472
630,5.675675675675675,93952.88444406714
631,5.684684684684685,93882.69755596275
632,5.693693693693693,93659.99942195826
633,5.702702702702703,93438.23201118778
634,5.711711711711712,93217.39087967589
635,5.7207207207207205,93001.3718877077
636,5.72972972972973,92786.47463284996
637,5.738738738738738,92385.32752483815
638,5.747747747747748,92018.28464465262
639,5.756756756756757,91841.38441143862
640,5.7657657657657655,91922.68737088938
641,5.774774774774775,91803.88237464901
642,5.783783783783783,91685.17918918729
643,5.792792792792793,91566.57988643895
644,5.801801801801802,91449.05261145027
645,5.8108108108108105,91331.80628682372
646,5.81981981981982,91192.27749952128
647,5.828828828828828,90572.27846063698
648,5.837837837837838,90215.1567048854
649,5.846846846846847,90386.00704191059
650,5.8558558558558556,90448.72823999973
651,5.864864864864865,90326.38352488485
652,5.873873873873873,90204.25298144473
653,5.882882882882883,90082.33706203461
654,5.891891891891892,89960.63620211696
655,5.900900900900901,89838.42263327373
656,5.90990990990991,89350.59243502512
657,5.918918918918919,88881.03406560633
658,5.927927927927928,88945.50821555255
659,5.936936936936937,89116.28362908523
660,5.945945945945946,89051.01171790795
661,5.954954954954955,88985.47936629778
662,5.963963963963964,88919.69074668345
663,5.972972972972973,88853.6499874526
664,5.981981981981982,88779.02897446416
665,5.990990990990991,88126.6999873927
666,6.0,87494.93402645513
667,6.009009009009009,87501.63015543869
668,6.018018018018018,87660.91597397857
669,6.027027027027027,87748.02061353186
670,6.036036036036036,87674.55686468384
671,6.045045045045045,87602.64215742816
672,6.054054054054054,87530.6641329697
673,6.063063063063063,87458.62457616671
674,6.072072072072072,87293.02974515875
675,6.081081081081081,86778.35154817221
676,6.09009009009009,86358.58157762805
677,6.099099099099099,86521.29319337543
678,6.108108108108108,86655.94732287043
679,6.117117117117117,86551.84403649664
680,6.126126126126126,86447.92403137466
681,6.135135135135135,86344.18729104564
682,6.1441441441441444,86240.63379310195
683,6.153153153153153,86111.24033515758
684,6.162162162162162,85688.99993351649
685,6.171171171171171,85269.98819438781
686,6.18018018018018,85181.50940123036
687,6.1891891891891895,85314.64940960328
688,6.198198198198198,85370.97532688944
689,6.207207207207207,85258.14269891054
690,6.216216216216216,85145.30374021178
691,6.225225225225225,85030.1232212316
692,6.2342342342342345,84915.16731437403
693,6.243243243243243,84609.04104334184
694,6.252252252252252,84234.04996503753
695,6.261261261261261,84080.64329768496
696,6.27027027027027,84260.42232393801
697,6.2792792792792795,84339.44373634404
698,6.288288288288288,84229.48559999256
699,6.297297297297297,84119.65001888611
700,6.306306306306306,84009.93842958775
701,6.315315315315315,83901.51607175528
702,6.324324324324325,83645.6325663278
703,6.333333333333333,83294.5826959022
704,6.342342342342342,83026.69761578766
705,6.351351351351351,83084.34349863419
706,6.36036036036036,83193.47348826808
707,6.36936936936937,83132.07836677418
708,6.378378378378378,83038.0774698394
709,6.387387387387387,82944.27759423689
710,6.396396396396396,82851.35941796328
711,6.405405405405405,82696.28819368676
712,6.414414414414415,82353.84672026451
713,6.423423423423423,82006.54629231484
714,6.4324324324324325,81941.33678678607
715,6.441441441441442,82109.98006231536
716,6.45045045045045,82139.34023133948
717,6.45945945945946,82021.06352930052
718,6.468468468468468,81903.07015539875
719,6.4774774774774775,81784.94741679815
720,6.486486486486487,81666.6593130873
721,6.495495495495495,81352.24314290822
722,6.504504504504505,80944.00302995091
723,6.513513513513513,80683.18430967625
724,6.5225225225225225,80671.66899369843
725,6.531531531531532,80659.90321258108
726,6.54054054054054,80647.88855129622
727,6.54954954954955,80635.62658798452
728,6.558558558558558,80623.313099257
729,6.5675675675675675,80610.88487949836
730,6.576576576576577,80533.53391673315
731,6.585585585585585,80637.13598212403
732,6.594594594594595,80665.18242899205
733,6.603603603603603,80456.7467365709
734,6.612612612612613,80249.32152110695
735,6.621621621621622,80042.89981601661
736,6.63063063063063,79837.47471568135
737,6.63963963963964,79632.96380600783
738,6.648648648648648,79429.26345626957
739,6.657657657657658,79226.54471828196
740,6.666666666666667,79352.67254387541
741,6.675675675675675,79485.825382342
742,6.684684684684685,79431.22086378292
743,6.693693693693693,79376.57319850732
744,6.702702702702703,79321.88335887935
745,6.711711711711712,79267.15230859094
746,6.7207207207207205,79179.3769443587
747,6.72972972972973,78694.67239286468
748,6.738738738738738,78249.686608444
749,6.747747747747748,78329.3605423598
750,6.756756756756757,78467.05795105569
751,6.7657657657657655,78417.89876961989
752,6.774774774774775,78368.69276249515
753,6.783783783783783,78319.44077534729
754,6.792792792792793,78270.14364694497
755,6.801801801801802,78221.23235037006
756,6.8108108108108105,77977.48517071691
757,6.81981981981982,77545.03052643758
758,6.828828828828828,77470.45203439903
759,6.837837837837838,77594.6690921769
760,6.846846846846847,77630.9760201696
761,6.8558558558558556,77543.9716526413
762,6.864864864864865,77457.06829080469
763,6.873873873873873,77370.26650657388
764,6.882882882882883,77283.56686086464
765,6.891891891891892,76999.42733066721
766,6.900900900900901,76674.61852492792
767,6.90990990990991,76510.58564206715
768,6.918918918918919,76689.31752895808
769,6.927927927927928,76778.84573635917
770,6.936936936936937,76682.78331333879
771,6.945945945945946,76586.93335322588
772,6.954954954954955,76491.29531202442
773,6.963963963963964,76395.86864619824
774,6.972972972972973,76230.24824906996
775,6.981981981981982,75855.9353244748
776,6.990990990990991,75645.5492503181
777,7.0,75602.54721385242
778,7.009009009009009,75795.58721129144
779,7.018018018018018,75841.35256018682
780,7.027027027027027,75739.22005333133
781,7.036036036036036,75637.34788612952
782,7.045045045045045,75535.73514211812
783,7.054054054054054,75384.40626183864
784,7.063063063063063,74958.7342961065
785,7.072072072072072,74783.54698281473
786,7.081081081081081,74725.90709659274
787,7.09009009009009,74884.64301574971
788,7.099099099099099,75042.8741508385
789,7.108108108108108,74986.06581899064
790,7.117117117117117,74912.23790748646
791,7.126126126126126,74838.50826328681
792,7.135135135135135,74764.87697350196
793,7.1441441441441444,74421.65207386452
794,7.153153153153153,74003.15818766457
795,7.162162162162162,73913.47191390306
796,7.171171171171171,73944.4163192269
797,7.18018018018018,74177.2379632205
798,7.1891891891891895,74121.94540601144
799,7.198198198198198,74066.42069175758
800,7.207207207207207,74010.86438893272
801,7.216216216216216,73955.27746713992
802,7.225225225225225,73899.66088667516
803,7.2342342342342345,73432.60580532708
804,7.243243243243243,73357.99478363562
805,7.252252252252252,73321.76259889454
806,7.261261261261261,73408.26218641175
807,7.27027027027027,73388.22965605815
808,7.2792792792792795,73317.92933401323
809,7.288288288288288,73247.71327593742
810,7.297297297297297,73177.58163973865
811,7.306306306306306,73080.77670583224
812,7.315315315315315,72651.76856508633
813,7.324324324324325,72576.9704988276
814,7.333333333333333,72506.80294036251
815,7.342342342342342,72539.47988873042
816,7.351351351351351,72596.970252315
817,7.36036036036036,72517.6624045991
818,7.36936936936937,72438.48025460923
819,7.378378378378378,72359.42380287302
820,7.387387387387387,72280.49304645623
821,7.396396396396396,72059.22149748998
822,7.405405405405405,71874.08612610344
823,7.414414414414415,71885.41600330887
824,7.423423423423423,71896.3988995611
825,7.4324324324324325,71907.00974580507
826,7.441441441441442,71815.65074152594
827,7.45045045045045,71722.9874264718
828,7.45945945945946,71630.5392300236
829,7.468468468468468,71538.30554035107
830,7.4774774774774775,71367.09230543289
831,7.486486486486487,71174.62335047568
832,7.495495495495495,71136.93682088157
833,7.504504504504505,71039.17041898568
834,7.513513513513513,70939.38066930627
835,7.5225225225225225,70838.43542434381
836,7.531531531531532,70737.74687765041
837,7.54054054054054,70637.31424494636
838,7.54954954954955,70575.32950209484
839,7.558558558558558,70629.49085986352
840,7.5675675675675675,70625.09553484574
841,7.576576576576577,70647.25751925979
842,7.585585585585585,70544.81815539832
843,7.594594594594595,70442.63726335432
844,7.603603603603603,70340.71412607499
845,7.612612612612613,70240.51434874136
846,7.621621621621622,70032.99427958074
847,7.63063063063063,69742.73211028197
848,7.63963963963964,69670.3961283045
849,7.648648648648648,69696.0327396611
850,7.657657657657658,69799.8868248202
851,7.666666666666667,69742.12491584642
852,7.675675675675675,69653.8472250575
853,7.684684684684685,69565.70607904762
854,7.693693693693693,69477.55284490969
855,7.702702702702703,69388.58516658255
856,7.711711711711712,68972.75376272382
857,7.7207207207207205,68885.08191934855
858,7.72972972972973,68807.2774060835
859,7.738738738738738,68890.3373204145
860,7.747747747747748,68964.66876678124
861,7.756756756756757,68882.20069667243
862,7.7657657657657655,68799.88170385372
863,7.774774774774775,68717.88058788083
864,7.783783783783783,68636.58800384158
865,7.792792792792793,68236.96383195046
866,7.801801801801802,68174.64126866989
867,7.8108108108108105,68114.70289244504
868,7.81981981981982,68143.78356314429
869,7.828828828828828,68265.7893456558
870,7.837837837837838,68231.59996502017
871,7.846846846846847,68183.06086067374
872,7.8558558558558556,68134.50110434134
873,7.864864864864865,68084.88975664895
874,7.873873873873873,67737.16656853925
875,7.882882882882883,67630.471893862
876,7.891891891891892,67564.40639655333
877,7.900900900900901,67557.50034106897
878,7.90990990990991,67586.16424060416
879,7.918918918918918,67540.44742100395
880,7.927927927927928,67475.23302582715
881,7.936936936936937,67410.06578884713
882,7.945945945945946,67345.7882097933
883,7.954954954954955,67184.99621604143
884,7.963963963963964,66890.2308479328
885,7.972972972972973,66827.46240987265
886,7.981981981981982,66764.74239295376
887,7.990990990990991,66831.3740074939
888,8.0,66792.6958999029
889,8.00900900900901,66753.9162990294
890,8.018018018018019,66715.03644183706
891,8.027027027027026,66676.05755594341
892,8.036036036036036,66634.30109240563
893,8.045045045045045,66259.45487505707
894,8.054054054054054,66218.15713871017
895,8.063063063063064,66176.74453429492
896,8.072072072072071,65945.5572935701
897,8.08108108108108,65894.06937427225
898,8.09009009009009,65842.5294228629
899,8.0990990990991,65790.93865779677
900,8.108108108108109,65739.85625111504
901,8.117117117117116,65689.3056019219
902,8.126126126126126,65638.71356181974
903,8.135135135135135,65260.34369743093
904,8.144144144144144,65210.54247859895
905,8.153153153153154,65165.55740512019
906,8.162162162162161,65297.80522836036
907,8.17117117117117,65224.81160810489
908,8.18018018018018,65151.927500946076
909,8.18918918918919,65076.0976507301
910,8.198198198198199,64995.070942877224
911,8.207207207207206,64914.14104908631
912,8.216216216216216,64511.02919557469
913,8.225225225225225,64397.21201123827
914,8.234234234234235,64280.887954571845
915,8.243243243243244,64365.14148194951
916,8.252252252252251,64265.9911679116
917,8.26126126126126,64167.01676573076
918,8.27027027027027,64070.256377877224
919,8.27927927927928,63980.193603128726
920,8.288288288288289,63890.31660732086
921,8.297297297297296,63847.28522144352
922,8.306306306306306,64012.405834519406
923,8.315315315315315,63904.99685856709
924,8.324324324324325,63804.652745320294
925,8.333333333333334,63688.142574699006
926,8.342342342342342,63565.61232940129
927,8.35135135135135,63443.93277890788
928,8.36036036036036,63325.68953315345
929,8.36936936936937,63207.87988870331
930,8.378378378378379,63090.50149556484
931,8.387387387387387,63201.437458277964
932,8.396396396396396,63183.11230997269
933,8.405405405405405,63164.84282977714
934,8.414414414414415,63121.23842880086
935,8.423423423423424,63035.36891544998
936,8.432432432432432,62949.72881307005
937,8.441441441441441,62864.31722204278
938,8.45045045045045,62779.133247328806
939,8.45945945945946,62691.916210635616
940,8.468468468468469,62382.46722535063
941,8.477477477477477,62455.261572607495
942,8.486486486486486,62389.13734255124
943,8.495495495495495,62323.12500305479
944,8.504504504504505,62257.22442278439
945,8.513513513513514,62191.43546922958
946,8.522522522522522,62125.75800872387
947,8.531531531531531,62017.60760939648
948,8.54054054054054,61865.34277981017
949,8.54954954954955,61713.843209679064
950,8.558558558558559,61779.999622413816
951,8.567567567567567,61713.85906501616
952,8.576576576576576,61647.81928631233
953,8.585585585585585,61581.8935603909
954,8.594594594594595,61516.08173969398
955,8.603603603603604,61450.38367559394
956,8.612612612612612,61384.79921841333
957,8.621621621621621,61236.31457201455
958,8.63063063063063,61080.575041015
959,8.63963963963964,61042.87863988623
960,8.64864864864865,61067.032012522555
961,8.657657657657657,61028.04355094373
962,8.666666666666666,60989.04125938518
963,8.675675675675675,60950.025566601194
964,8.684684684684685,60910.99689797087
965,8.693693693693694,60871.95567552122
966,8.702702702702702,60805.30169600745
967,8.711711711711711,60716.5186194805
968,8.72072072072072,60711.89655345038
969,8.72972972972973,60674.54972536384
970,8.73873873873874,60586.61006586503
971,8.747747747747749,60498.92379457062
972,8.756756756756756,60411.489823301556
973,8.765765765765765,60324.307070066905
974,8.774774774774775,60223.811159188794
975,8.783783783783784,60109.45816411854
976,8.792792792792794,60035.18385613836
977,8.801801801801801,60034.808047665065
978,8.81081081081081,60092.00740489237
979,8.81981981981982,60034.504509973995
980,8.82882882882883,59977.110430457535
981,8.837837837837839,59919.82486064999
982,8.846846846846846,59862.64749599243
983,8.855855855855856,59805.57803305464
984,8.864864864864865,59748.61616953012
985,8.873873873873874,59691.64215756842
986,8.882882882882884,59646.215338191716
987,8.891891891891891,59589.30827984608
988,8.9009009009009,59532.53051503446
989,8.90990990990991,59475.867433534986
990,8.91891891891892,59419.311067107235
991,8.927927927927929,59362.86111723455
992,8.936936936936936,59306.51728650337
993,8.945945945945946,59250.27927859835
994,8.954954954954955,59185.239533879554
995,8.963963963963964,59103.011257687205
996,8.972972972972974,59021.00546902849
997,8.981981981981981,58932.58615842668
998,8.99099099099099,58812.53266992454
999,9.0,58692.894972964845
