,H,Sxx
0,0.0,44557644.135561824
1,0.009009009009009009,44557644.135561824
2,0.018018018018018018,44557644.135561824
3,0.02702702702702703,44557644.135561824
4,0.036036036036036036,44557644.135561824
5,0.04504504504504504,41775455.028592356
6,0.05405405405405406,38934390.26395658
7,0.06306306306306306,36172413.72931723
8,0.07207207207207207,33772990.809113614
9,0.08108108108108109,31669677.14945503
10,0.09009009009009009,29811216.482015543
11,0.0990990990990991,28310351.223319333
12,0.10810810810810811,27421343.631110936
13,0.11711711711711711,26583705.90678347
14,0.12612612612612611,25799535.463989556
15,0.13513513513513514,25118608.100210395
16,0.14414414414414414,24293889.56592427
17,0.15315315315315314,23259348.888882942
18,0.16216216216216217,22308378.99239221
19,0.17117117117117117,21431353.338689517
20,0.18018018018018017,20557181.64285206
21,0.1891891891891892,19366915.405553997
22,0.1981981981981982,18305624.0668152
23,0.2072072072072072,17353612.678853024
24,0.21621621621621623,16498230.629694195
25,0.22522522522522523,15729548.168209719
26,0.23423423423423423,14954144.573384102
27,0.24324324324324323,14216916.748318102
28,0.25225225225225223,13547910.559448134
29,0.26126126126126126,12937384.204774437
30,0.2702702702702703,12354340.260846889
31,0.27927927927927926,11821025.616234956
32,0.2882882882882883,11331403.391569324
33,0.2972972972972973,10881946.769795712
34,0.3063063063063063,10468559.108474035
35,0.3153153153153153,10078770.139079519
36,0.32432432432432434,9670101.001186345
37,0.3333333333333333,9292683.942797128
38,0.34234234234234234,8943130.456691474
39,0.35135135135135137,8618515.712843107
40,0.36036036036036034,8275307.175207492
41,0.36936936936936937,7949253.1631841585
42,0.3783783783783784,7647777.760065485
43,0.38738738738738737,7368336.645895298
44,0.3963963963963964,7108105.317336454
45,0.40540540540540543,6849037.397624745
46,0.4144144144144144,6607536.7214524
47,0.42342342342342343,6382201.001203376
48,0.43243243243243246,6171486.676939562
49,0.44144144144144143,5967181.939031687
50,0.45045045045045046,5775348.088088013
51,0.45945945945945943,5594645.2060978785
52,0.46846846846846846,5424281.858768225
53,0.4774774774774775,5263642.518327981
54,0.48648648648648646,5108704.341921824
55,0.4954954954954955,4958377.765688312
56,0.5045045045045045,4816429.4060866
57,0.5135135135135135,4682195.046113364
58,0.5225225225225225,4555148.066392635
59,0.5315315315315315,4434713.650211458
60,0.5405405405405406,4320419.75643177
61,0.5495495495495496,4211353.102909992
62,0.5585585585585585,4107368.334278891
63,0.5675675675675675,4008266.854644172
64,0.5765765765765766,3909680.514185202
65,0.5855855855855856,3813805.9098860896
66,0.5945945945945946,3722438.4170813328
67,0.6036036036036035,3635273.0058414266
68,0.6126126126126126,3549200.558286151
69,0.6216216216216216,3463075.1555241956
70,0.6306306306306306,3380709.7071060487
71,0.6396396396396397,3302071.768693991
72,0.6486486486486487,3226960.73601251
73,0.6576576576576576,3154646.9074478787
74,0.6666666666666666,3081650.2918741805
75,0.6756756756756757,3011925.5398941673
76,0.6846846846846847,2945259.3717550337
77,0.6936936936936937,2882549.2798739695
78,0.7027027027027027,2834212.1624607285
79,0.7117117117117117,2787263.6489354135
80,0.7207207207207207,2741254.039518347
81,0.7297297297297297,2696168.4262609635
82,0.7387387387387387,2652522.187660658
83,0.7477477477477478,2621304.527865819
84,0.7567567567567568,2590717.9640056463
85,0.7657657657657657,2560746.8697581785
86,0.7747747747747747,2529108.765233225
87,0.7837837837837838,2489423.127170852
88,0.7927927927927928,2450803.85843856
89,0.8018018018018018,2413044.8128040037
90,0.8108108108108109,2376275.9695547214
91,0.8198198198198198,2340554.163606325
92,0.8288288288288288,2293676.1625301586
93,0.8378378378378378,2247390.348265715
94,0.8468468468468469,2202916.0889970963
95,0.8558558558558559,2160150.1419252316
96,0.8648648648648649,2118439.0182390404
97,0.8738738738738738,2077607.6708399826
98,0.8828828828828829,2037770.8908934265
99,0.8918918918918919,1999211.6468781352
100,0.9009009009009009,1962733.0907639787
101,0.9099099099099099,1927599.131274844
102,0.9189189189189189,1893679.114649005
103,0.9279279279279279,1860912.248752499
104,0.9369369369369369,1829241.6656068882
105,0.9459459459459459,1798614.1153269599
106,0.954954954954955,1764441.2953863784
107,0.963963963963964,1728939.73801979
108,0.9729729729729729,1694701.8928876414
109,0.9819819819819819,1663830.5700590557
110,0.990990990990991,1634378.2230794234
111,1.0,1605940.0402298416
112,1.009009009009009,1578465.02430532
113,1.018018018018018,1558393.639734446
114,1.027027027027027,1540396.949651434
115,1.0360360360360361,1522786.364128206
116,1.045045045045045,1505535.8974722675
117,1.054054054054054,1488260.5826699934
118,1.063063063063063,1471320.029400438
119,1.072072072072072,1458147.570943214
120,1.0810810810810811,1445160.2229969206
121,1.09009009009009,1432355.369620472
122,1.0990990990990992,1417951.4871392646
123,1.1081081081081081,1401857.5728302917
124,1.117117117117117,1386098.4739955468
125,1.1261261261261262,1370276.0008054175
126,1.135135135135135,1354144.6667458846
127,1.1441441441441442,1338205.5889488813
128,1.1531531531531531,1320012.517305478
129,1.162162162162162,1301333.9922531282
130,1.1711711711711712,1283147.1270776056
131,1.1801801801801801,1265433.8661618505
132,1.1891891891891893,1248054.959311734
133,1.1981981981981982,1230798.2602973285
134,1.207207207207207,1213991.1346403721
135,1.2162162162162162,1198022.6449417581
136,1.2252252252252251,1182242.6550813122
137,1.2342342342342343,1166748.1280498486
138,1.2432432432432432,1150922.3461446736
139,1.2522522522522523,1135476.6460147523
140,1.2612612612612613,1120428.855490615
141,1.2702702702702702,1105764.1906349575
142,1.2792792792792793,1091291.172215971
143,1.2882882882882882,1077014.2120473275
144,1.2972972972972974,1063032.6250660021
145,1.3063063063063063,1049449.317397795
146,1.3153153153153152,1036216.3495152177
147,1.3243243243243243,1023475.579364662
148,1.3333333333333333,1011037.5642328789
149,1.3423423423423424,998891.8600264278
150,1.3513513513513513,987028.4878468544
151,1.3603603603603605,975454.7813585146
152,1.3693693693693694,964214.0186961639
153,1.3783783783783783,953188.6755599577
154,1.3873873873873874,942292.5575317603
155,1.3963963963963963,931636.4247414971
156,1.4054054054054055,921243.9848463457
157,1.4144144144144144,911101.9170507921
158,1.4234234234234233,901175.1670531409
159,1.4324324324324325,891457.1121179443
160,1.4414414414414414,881941.3919536336
161,1.4504504504504505,872498.9547122233
162,1.4594594594594594,863146.9012624837
163,1.4684684684684683,853940.0335039482
164,1.4774774774774775,844915.855350705
165,1.4864864864864864,836077.1035793844
166,1.4954954954954955,827384.9223540844
167,1.5045045045045045,818841.2768955852
168,1.5135135135135136,810469.5571574598
169,1.5225225225225225,802264.7004537721
170,1.5315315315315314,794236.0570376256
171,1.5405405405405406,786469.6008553656
172,1.5495495495495495,778741.503113631
173,1.5585585585585586,770836.7965410342
174,1.5675675675675675,763050.8873264828
175,1.5765765765765765,755414.4681547543
176,1.5855855855855856,747793.4609885027
177,1.5945945945945945,740216.4459937661
178,1.6036036036036037,732786.827322589
179,1.6126126126126126,725500.4676170382
180,1.6216216216216217,718269.7435188743
181,1.6306306306306306,711082.3528747542
182,1.6396396396396395,703943.510406631
183,1.6486486486486487,696920.8747286273
184,1.6576576576576576,690032.6295707725
185,1.6666666666666667,683264.8966112584
186,1.6756756756756757,676591.3001502639
187,1.6846846846846846,670043.1626994791
188,1.6936936936936937,663617.0723659476
189,1.7027027027027026,657314.1098911607
190,1.7117117117117118,650973.1165601558
191,1.7207207207207207,644156.2350537623
192,1.7297297297297298,637403.8908160238
193,1.7387387387387387,630777.851792577
194,1.7477477477477477,624274.9659550512
195,1.7567567567567568,618384.7628546137
196,1.7657657657657657,612638.5856116106
197,1.7747747747747749,606982.5461794806
198,1.7837837837837838,601414.8981776132
199,1.7927927927927927,596016.4460992885
200,1.8018018018018018,590946.8209213013
201,1.8108108108108107,586303.0130079077
202,1.8198198198198199,581375.2145647698
203,1.8288288288288288,576525.2338898234
204,1.8378378378378377,571751.3335567928
205,1.8468468468468469,567051.8247775545
206,1.8558558558558558,562425.0658162658
207,1.864864864864865,557869.4604600741
208,1.8738738738738738,553383.4565443768
209,1.882882882882883,548963.5271027557
210,1.8918918918918919,544439.6690937899
211,1.9009009009009008,539956.3096481698
212,1.90990990990991,535396.1261222563
213,1.9189189189189189,530908.4596726038
214,1.927927927927928,526491.675679616
215,1.936936936936937,522144.1858866407
216,1.9459459459459458,517814.29984147206
217,1.954954954954955,513527.07120660594
218,1.9639639639639639,509307.39102207485
219,1.972972972972973,505285.98997387395
220,1.981981981981982,501364.5277632762
221,1.990990990990991,497561.96473071113
222,2.0,493819.6455276117
223,2.009009009009009,490131.57609333046
224,2.018018018018018,486496.6166055087
225,2.027027027027027,482913.6581266985
226,2.036036036036036,479253.4580403819
227,2.045045045045045,475588.5985337206
228,2.054054054054054,471709.0040768048
229,2.063063063063063,467763.7295431526
230,2.0720720720720722,464047.3932279395
231,2.081081081081081,460649.12970268656
232,2.09009009009009,457294.70138390927
233,2.099099099099099,453983.36237694765
234,2.108108108108108,450714.38109914435
235,2.1171171171171173,447595.81325524166
236,2.126126126126126,444569.1011474609
237,2.135135135135135,441579.65105912706
238,2.144144144144144,438623.86815380363
239,2.153153153153153,435701.28476218454
240,2.1621621621621623,432480.8959530834
241,2.171171171171171,429236.2218072778
242,2.18018018018018,426037.1214419638
243,2.189189189189189,422882.6915416204
244,2.1981981981981984,419786.71974220296
245,2.2072072072072073,417017.6181140015
246,2.2162162162162162,414401.08319697296
247,2.225225225225225,411872.8002278361
248,2.234234234234234,409372.36678152776
249,2.2432432432432434,406896.67662950803
250,2.2522522522522523,404445.48052580556
251,2.2612612612612613,402021.0634667476
252,2.27027027027027,399623.02555151767
253,2.279279279279279,397250.97404769255
254,2.2882882882882885,394800.8302752063
255,2.2972972972972974,391155.46000002744
256,2.3063063063063063,387341.3091068748
257,2.315315315315315,384107.44608787476
258,2.324324324324324,381121.62780463445
259,2.3333333333333335,378211.1036096646
260,2.3423423423423424,375341.54668833886
261,2.3513513513513513,372512.1546690013
262,2.3603603603603602,369722.1445480767
263,2.369369369369369,366970.7521585964
264,2.3783783783783785,364228.29433302354
265,2.3873873873873874,361464.8880641386
266,2.3963963963963963,358660.40434728895
267,2.4054054054054053,355895.7010375758
268,2.414414414414414,353163.1068172032
269,2.4234234234234235,350459.5063222214
270,2.4324324324324325,347794.03936942504
271,2.4414414414414414,345165.957274703
272,2.4504504504504503,342574.5294908602
273,2.4594594594594597,340289.2094519082
274,2.4684684684684686,338114.4730068446
275,2.4774774774774775,335888.7689793802
276,2.4864864864864864,333690.15430215176
277,2.4954954954954953,331518.16837724106
278,2.5045045045045047,329330.4457179391
279,2.5135135135135136,327163.71721662214
280,2.5225225225225225,325023.8546362655
281,2.5315315315315314,322910.3842084974
282,2.5405405405405403,320943.6649987789
283,2.5495495495495497,319209.48301408475
284,2.5585585585585586,317584.18500219454
285,2.5675675675675675,315975.2342313228
286,2.5765765765765765,314424.83369626536
287,2.5855855855855854,313047.20148185623
288,2.5945945945945947,311680.6745609001
289,2.6036036036036037,310325.12844388856
290,2.6126126126126126,308980.4403603092
291,2.6216216216216215,307646.4892317039
292,2.6306306306306304,306318.1813108798
293,2.6396396396396398,305079.0835705759
294,2.6486486486486487,303763.3352330212
295,2.6576576576576576,302400.60991361085
296,2.6666666666666665,300892.7300647943
297,2.6756756756756754,299318.826115738
298,2.684684684684685,297761.3010647951
299,2.6936936936936937,296219.9005780568
300,2.7027027027027026,294694.37555998546
301,2.7117117117117115,293184.48201924836
302,2.720720720720721,291631.03039388976
303,2.72972972972973,289977.6947322853
304,2.7387387387387387,287894.0871433418
305,2.7477477477477477,285835.9443459453
306,2.7567567567567566,283802.8682987367
307,2.765765765765766,281794.4676323511
308,2.774774774774775,279810.3575651381
309,2.7837837837837838,277850.15981733665
310,2.7927927927927927,275913.5025239523
311,2.8018018018018016,273895.7350722953
312,2.810810810810811,271867.8208961386
313,2.81981981981982,270589.1017386838
314,2.828828828828829,269567.6117290947
315,2.8378378378378377,268146.2388884326
316,2.8468468468468466,266384.23906413774
317,2.855855855855856,264642.7613200449
318,2.864864864864865,262921.4846831459
319,2.873873873873874,261220.0940845159
320,2.8828828828828827,259515.6537735229
321,2.8918918918918917,257765.31201955897
322,2.900900900900901,256093.7870353975
323,2.90990990990991,254469.43156156034
324,2.918918918918919,252860.8078957994
325,2.9279279279279278,251267.74920073742
326,2.9369369369369367,249690.0896502884
327,2.945945945945946,248127.6644722793
328,2.954954954954955,246580.3099879701
329,2.963963963963964,245074.85553910735
330,2.972972972972973,243650.598643891
331,2.981981981981982,242527.727453826
332,2.990990990990991,241433.99662786798
333,3.0,240349.83883482442
334,3.009009009009009,239275.13170073606
335,3.018018018018018,238209.75488654987
336,3.027027027027027,237153.59004681042
337,3.036036036036036,236106.52078933563
338,3.045045045045045,235083.59918837273
339,3.054054054054054,234125.37924193693
340,3.063063063063063,233189.64886301899
341,3.0720720720720722,232294.94566898185
342,3.081081081081081,231413.23101169756
343,3.09009009009009,230538.13208985823
344,3.099099099099099,229669.5752529511
345,3.108108108108108,228807.48793245046
346,3.1171171171171173,227951.79862214357
347,3.126126126126126,227102.4368588826
348,3.135135135135135,226259.33320375046
349,3.144144144144144,225288.1500177953
350,3.153153153153153,224340.33578733215
351,3.1621621621621623,223445.77453399944
352,3.171171171171171,222561.09705764742
353,3.18018018018018,221683.34986347408
354,3.189189189189189,220812.45233887623
355,3.198198198198198,219948.32510949177
356,3.2072072072072073,219090.89001564356
357,3.2162162162162162,218240.07008931658
358,3.225225225225225,217213.17845152895
359,3.234234234234234,216041.7929653822
360,3.2432432432432434,214852.24088475778
361,3.2522522522522523,213664.86393461688
362,3.2612612612612613,212489.49195613718
363,3.27027027027027,211326.0867931351
364,3.279279279279279,210174.4775318674
365,3.2882882882882885,209034.4963075516
366,3.2972972972972974,207905.97824107495
367,3.3063063063063063,206715.85349084644
368,3.315315315315315,205438.26062787895
369,3.324324324324324,204215.59142978414
370,3.3333333333333335,203002.50616174325
371,3.3423423423423424,201794.45775238337
372,3.3513513513513513,200597.855961793
373,3.3603603603603602,199412.5716493247
374,3.369369369369369,198238.4769828674
375,3.3783783783783785,197075.44544103084
376,3.3873873873873874,195877.73143757574
377,3.3963963963963963,194644.39063770353
378,3.4054054054054053,193347.60336767515
379,3.414414414414414,192040.08531636125
380,3.4234234234234235,190739.8189392148
381,3.4324324324324325,189450.65451903184
382,3.4414414414414414,188176.29018651188
383,3.4504504504504503,186916.50584897117
384,3.4594594594594597,185671.08506883803
385,3.4684684684684686,184439.8150084106
386,3.4774774774774775,183255.36565928772
387,3.4864864864864864,182105.27986861518
388,3.4954954954954953,181120.39046829252
389,3.5045045045045047,180147.81551873605
390,3.5135135135135136,179180.95218933074
391,3.5225225225225225,178223.56593991758
392,3.5315315315315314,177275.52769669646
393,3.5405405405405403,176336.71056194196
394,3.5495495495495497,175406.98977178757
395,3.5585585585585586,174495.7400470744
396,3.5675675675675675,173669.17874316635
397,3.5765765765765765,172946.65875966614
398,3.5855855855855854,172234.02849101843
399,3.5945945945945947,171537.33305116778
400,3.6036036036036037,170854.4944357454
401,3.6126126126126126,170176.5898913393
402,3.6216216216216215,169503.570120577
403,3.6306306306306304,168835.38643230946
404,3.6396396396396398,168168.89445874852
405,3.6486486486486487,167529.81596593576
406,3.6576576576576576,166983.2337126916
407,3.6666666666666665,166442.80231466892
408,3.6756756756756754,165910.97877450025
409,3.684684684684685,165382.37372200508
410,3.6936936936936937,164856.95924716885
411,3.7027027027027026,164334.70774947564
412,3.7117117117117115,163815.59193379115
413,3.720720720720721,163299.58480630827
414,3.72972972972973,162965.00612608253
415,3.7387387387387387,162753.22252568562
416,3.7477477477477477,162544.85565497307
417,3.7567567567567566,162338.46392407833
418,3.765765765765766,162132.36243108948
419,3.774774774774775,161926.55260992917
420,3.7837837837837838,161721.03586085647
421,3.7927927927927927,161515.81355097014
422,3.8018018018018016,161290.791074223
423,3.810810810810811,160976.10920422716
424,3.81981981981982,160564.79742779746
425,3.828828828828829,160157.64774993932
426,3.8378378378378377,159756.8926996118
427,3.8468468468468466,159358.12802808554
428,3.855855855855856,158961.3390132272
429,3.864864864864865,158566.51107711144
430,3.873873873873874,158173.62978426667
431,3.8828828828828827,157782.68083994623
432,3.8918918918918917,157408.40925173575
433,3.900900900900901,156852.77001091716
434,3.90990990990991,156296.75593011233
435,3.918918918918919,155753.92080178086
436,3.9279279279279278,155217.3407573546
437,3.9369369369369367,154684.08356122414
438,3.945945945945946,154154.1209942442
439,3.954954954954955,153627.42512933796
440,3.963963963963964,153103.96832810395
441,3.972972972972973,152553.3582522573
442,3.981981981981982,151947.7419252171
443,3.990990990990991,151242.5962535398
444,4.0,150448.8149137095
445,4.009009009009009,149654.67100554527
446,4.018018018018018,148867.71784930944
447,4.027027027027027,148087.86984864005
448,4.036036036036036,147315.04257886883
449,4.045045045045045,146549.1527710483
450,4.054054054054054,145788.65725539465
451,4.063063063063063,144968.22192734657
452,4.072072072072072,144124.03578789436
453,4.081081081081081,143291.27079848066
454,4.09009009009009,142462.06508547164
455,4.099099099099099,141638.7687677784
456,4.108108108108108,140823.5773250874
457,4.117117117117117,140016.38636449003
458,4.126126126126126,139217.09303088582
459,4.135135135135135,138425.59598468072
460,4.1441441441441444,137602.32874084203
461,4.153153153153153,136689.67114126374
462,4.162162162162162,135786.8307871278
463,4.171171171171171,134892.47643763083
464,4.18018018018018,134005.52605474868
465,4.1891891891891895,133128.48607304826
466,4.198198198198198,132261.21162768197
467,4.207207207207207,131403.56028122723
468,4.216216216216216,130555.39198326785
469,4.225225225225225,129333.4093023389
470,4.2342342342342345,127631.89454353851
471,4.243243243243243,126882.96622310943
472,4.252252252252252,126142.38313435401
473,4.261261261261261,125408.62087932733
474,4.27027027027027,124681.9535507479
475,4.2792792792792795,123962.29490946102
476,4.288288288288288,123249.55802235301
477,4.297297297297297,122830.27979483102
478,4.306306306306306,122501.53605440457
479,4.315315315315315,121877.92772408915
480,4.324324324324325,121259.89817091073
481,4.333333333333333,120655.36898156485
482,4.342342342342342,120056.46530902835
483,4.351351351351351,119463.05552595688
484,4.36036036036036,118874.9411247373
485,4.36936936936937,118292.0567826946
486,4.378378378378378,117714.3381728031
487,4.387387387387387,117141.72194620804
488,4.396396396396397,116587.06872335338
489,4.405405405405405,116075.90035387299
490,4.414414414414415,115595.82277952142
491,4.423423423423423,115119.41973749992
492,4.4324324324324325,114646.57448954467
493,4.441441441441442,114177.1941233781
494,4.45045045045045,113711.32926910631
495,4.45945945945946,113248.94313268298
496,4.468468468468468,112789.99940148907
497,4.4774774774774775,112334.46223696152
498,4.486486486486487,111911.84717492103
499,4.495495495495495,111513.73385247104
500,4.504504504504505,111118.13361078642
501,4.513513513513513,110725.15742970348
502,4.5225225225225225,110333.41977540194
503,4.531531531531532,109943.9345623634
504,4.54054054054054,109556.8539710537
505,4.54954954954955,109172.15798292164
506,4.558558558558558,108789.82677949678
507,4.5675675675675675,108445.23460273076
508,4.576576576576577,108116.99245549168
509,4.585585585585585,107790.42763477124
510,4.594594594594595,107466.48763973778
511,4.603603603603603,107144.35333484135
512,4.612612612612613,106824.01049761473
513,4.621621621621622,106505.44504723257
514,4.63063063063063,106188.64304283752
515,4.63963963963964,105873.62110085743
516,4.648648648648648,105667.77450900199
517,4.657657657657658,105522.93880748493
518,4.666666666666667,105378.46426552134
519,4.675675675675675,105233.20970922003
520,4.684684684684685,105087.99622219562
521,4.693693693693693,104943.17692564314
522,4.702702702702703,104798.75024621903
523,4.711711711711712,104654.71461874557
524,4.7207207207207205,104511.06848615957
525,4.72972972972973,104400.48763057384
526,4.738738738738738,104335.88716956125
527,4.747747747747748,104271.26979289915
528,4.756756756756757,104206.63617523196
529,4.7657657657657655,104141.98698552273
530,4.774774774774775,104077.32288709623
531,4.783783783783783,104012.64453768224
532,4.792792792792793,103947.95258945794
533,4.801801801801802,103884.91778382246
534,4.8108108108108105,103837.72601522304
535,4.81981981981982,103790.59151091539
536,4.828828828828828,103751.76998613188
537,4.837837837837838,103717.33276031504
538,4.846846846846847,103681.83231850645
539,4.8558558558558556,103646.1236139997
540,4.864864864864865,103610.33674905078
541,4.873873873873874,103574.47232705425
542,4.882882882882883,103538.53094821157
543,4.891891891891892,103490.46257640283
544,4.900900900900901,103439.3151141654
545,4.90990990990991,103386.64090830054
546,4.918918918918919,103330.1117499366
547,4.927927927927928,103273.53711750098
548,4.936936936936937,103216.91776708302
549,4.945945945945946,103160.25444911735
550,4.954954954954955,103103.54790842287
551,4.963963963963964,103046.79888424171
552,4.972972972972973,102958.29690780924
553,4.981981981981982,102855.74845036186
554,4.990990990990991,102724.02423911786
555,5.0,102552.4932198079
556,5.009009009009009,102381.533972337
557,5.018018018018018,102211.14364320948
558,5.027027027027027,102041.31939788179
559,5.036036036036036,101872.05842060546
560,5.045045045045045,101703.29111521356
561,5.054054054054054,101461.59431003685
562,5.063063063063063,101171.40661576034
563,5.072072072072072,100879.5184020217
564,5.081081081081081,100566.87862472217
565,5.09009009009009,100255.66715893273
566,5.099099099099099,99945.87671043692
567,5.108108108108108,99637.50001274883
568,5.117117117117117,99330.52982730411
569,5.126126126126126,99024.95894364282
570,5.135135135135135,98720.98822587568
571,5.1441441441441444,98418.72002151719
572,5.153153153153153,98108.89593845874
573,5.162162162162162,97675.31219521398
574,5.171171171171171,97228.90407759708
575,5.18018018018018,96785.62679836547
576,5.1891891891891895,96345.45432854493
577,5.198198198198198,95908.36084131568
578,5.207207207207207,95474.32071174891
579,5.216216216216216,95043.30851648698
580,5.225225225225225,94615.8827871707
581,5.2342342342342345,94181.77184576877
582,5.243243243243243,93699.27799679151
583,5.252252252252252,93214.08494809746
584,5.261261261261261,92732.68634847413
585,5.27027027027027,92255.04752763167
586,5.2792792792792795,91781.13410031603
587,5.288288288288288,91310.91196643877
588,5.297297297297297,90844.34731108589
589,5.306306306306306,90381.40660441165
590,5.315315315315315,89923.67718225316
591,5.324324324324325,89422.93209293713
592,5.333333333333333,88845.43889624107
593,5.342342342342342,88273.5700969135
594,5.351351351351351,87707.26140406278
595,5.36036036036036,87146.44920321759
596,5.36936936936937,86591.07055560034
597,5.378378378378378,86041.06319701843
598,5.387387387387387,85496.36553639658
599,5.396396396396397,85088.97100452047
600,5.405405405405405,84725.43281572682
601,5.414414414414415,84256.83586619349
602,5.423423423423423,83792.11659294194
603,5.4324324324324325,83331.30424036103
604,5.441441441441442,82874.3595591024
605,5.45045045045045,82421.42023461172
606,5.45945945945946,81976.59531071743
607,5.468468468468468,81535.64571782875
608,5.4774774774774775,81098.52864268432
609,5.486486486486487,80665.24821361514
610,5.495495495495495,80234.58025205942
611,5.504504504504505,79805.20840031139
612,5.513513513513513,79379.41995517304
613,5.5225225225225225,78957.17816149941
614,5.531531531531532,78538.44665735589
615,5.54054054054054,78123.64759890879
616,5.54954954954955,77713.70899674343
617,5.558558558558558,77307.4681473662
618,5.5675675675675675,76906.74298514023
619,5.576576576576577,76390.2244749387
620,5.585585585585585,75879.01212848282
621,5.594594594594595,75475.54239119584
622,5.603603603603603,75124.48110152927
623,5.612612612612613,74776.13287697823
624,5.621621621621622,74430.47034939566
625,5.63063063063063,74081.19564590386
626,5.63963963963964,73731.401075519
627,5.648648648648648,73388.47771736409
628,5.657657657657658,73049.48580579144
629,5.666666666666667,72726.49812661548
630,5.675675675675675,72423.10952405162
631,5.684684684684685,72121.62429929501
632,5.693693693693693,71822.02820042864
633,5.702702702702703,71524.30708036452
634,5.711711711711712,71228.44689647871
635,5.7207207207207205,70947.31105913335
636,5.72972972972973,70675.3100528293
637,5.738738738738738,70406.13640650843
638,5.747747747747748,70139.03280334933
639,5.756756756756757,69876.42767984566
640,5.7657657657657655,69615.56940465652
641,5.774774774774775,69356.44199513248
642,5.783783783783783,69099.0296494282
643,5.792792792792793,68843.3167441327
644,5.801801801801802,68590.28615146398
645,5.8108108108108105,68318.18673297996
646,5.81981981981982,68048.56407770791
647,5.828828828828828,67781.74469691339
648,5.837837837837838,67519.93603952386
649,5.846846846846847,67260.08033089849
650,5.8558558558558556,67002.02193731099
651,5.864864864864865,66745.74361595296
652,5.873873873873873,66491.22833030616
653,5.882882882882883,66238.44865026376
654,5.891891891891892,65987.35012164607
655,5.900900900900901,65737.96478425032
656,5.90990990990991,65523.142843852766
657,5.918918918918919,65323.22350649169
658,5.927927927927928,65124.4699971154
659,5.936936936936937,64926.872475143726
660,5.945945945945946,64730.421207482534
661,5.954954954954955,64535.10656709434
662,5.963963963963964,64340.715875325455
663,5.972972972972973,64143.72586216502
664,5.981981981981982,63947.85965609612
665,5.990990990990991,63750.56296773726
666,6.0,63553.92888475438
667,6.009009009009009,63357.92666547974
668,6.018018018018018,63163.064289785645
669,6.027027027027027,62969.33225192377
670,6.036036036036036,62776.72114796002
671,6.045045045045045,62585.22167445602
672,6.054054054054054,62392.80725067681
673,6.063063063063063,62210.3859154165
674,6.072072072072072,62044.02621862251
675,6.081081081081081,61890.38613277307
676,6.09009009009009,61740.43172590487
677,6.099099099099099,61591.189226121394
678,6.108108108108108,61442.65365095323
679,6.117117117117117,61294.82006372777
680,6.126126126126126,61147.68357305004
681,6.135135135135135,60997.81063701231
682,6.1441441441441444,60842.07006532601
683,6.153153153153153,60691.733437964824
684,6.162162162162162,60539.98366366278
685,6.171171171171171,60386.92350557169
686,6.18018018018018,60234.5165402952
687,6.1891891891891895,60082.75906478687
688,6.198198198198198,59931.647401019334
689,6.207207207207207,59781.17789579893
690,6.216216216216216,59632.655701899916
691,6.225225225225225,59489.53751177993
692,6.2342342342342345,59364.34335219744
693,6.243243243243243,59258.52912719867
694,6.252252252252252,59166.47709779913
695,6.261261261261261,59074.70871163528
696,6.27027027027027,58983.222669734205
697,6.2792792792792795,58892.017680971985
698,6.288288288288288,58801.092462015054
699,6.297297297297297,58710.445737262155
700,6.306306306306306,58621.84453189931
701,6.315315315315315,58543.13481355546
702,6.324324324324325,58470.20974204694
703,6.333333333333333,58407.10426557702
704,6.342342342342342,58344.81571935186
705,6.351351351351351,58282.616756683434
706,6.36036036036036,58220.50749223124
707,6.36936936936937,58152.472059689055
708,6.378378378378378,58079.01680836344
709,6.387387387387387,58005.746627096276
710,6.396396396396396,57953.49447302457
711,6.405405405405405,57916.41675339
712,6.414414414414415,57879.36477200844
713,6.423423423423423,57844.69301358901
714,6.4324324324324325,57835.524848844456
715,6.441441441441442,57831.2389305747
716,6.45045045045045,57827.619349226276
717,6.45945945945946,57827.78575664336
718,6.468468468468468,57827.80384232827
719,6.4774774774774775,57834.839958465374
720,6.486486486486487,57845.93570634571
721,6.495495495495495,57851.298207203625
722,6.504504504504505,57858.84054560743
723,6.513513513513513,57879.291602983576
724,6.5225225225225225,57899.64130885233
725,6.531531531531532,57919.88986570147
726,6.54054054054054,57939.97123143678
727,6.54954954954955,57959.8389975376
728,6.558558558558558,57986.99786119549
729,6.5675675675675675,58025.236908286846
730,6.576576576576577,58057.81125973681
731,6.585585585585585,58089.509717391826
732,6.594594594594595,58133.314616832125
733,6.603603603603603,58177.07564384106
734,6.612612612612613,58220.792712411545
735,6.621621621621622,58264.64176009317
736,6.63063063063063,58308.9934331656
737,6.63963963963964,58360.52524922854
738,6.648648648648648,58412.21791241026
739,6.657657657657658,58463.89038832864
740,6.666666666666667,58515.809371220486
741,6.675675675675675,58578.602766917655
742,6.684684684684685,58642.63005659601
743,6.693693693693693,58706.61967141152
744,6.702702702702703,58770.634955429065
745,6.711711711711712,58835.090044870034
746,6.7207207207207205,58899.50049285128
747,6.72972972972973,58963.866038324755
748,6.738738738738738,59038.11475301645
749,6.747747747747748,59124.36117909116
750,6.756756756756757,59218.54796565088
751,6.7657657657657655,59315.187497245184
752,6.774774774774775,59411.85107828843
753,6.783783783783783,59508.5381314307
754,6.792792792792793,59604.36171495591
755,6.801801801801802,59699.47970022101
756,6.8108108108108105,59794.642545043345
757,6.81981981981982,59889.41289409509
758,6.828828828828828,59984.68473585074
759,6.837837837837838,60088.81184534838
760,6.846846846846847,60204.698149661155
761,6.8558558558558556,60320.66475188218
762,6.864864864864865,60436.71087642431
763,6.873873873873873,60552.835742766634
764,6.882882882882883,60664.41134729205
765,6.891891891891892,60771.88759801402
766,6.900900900900901,60853.90035667656
767,6.90990990990991,60935.97578321553
768,6.918918918918919,61018.60040751507
769,6.927927927927928,61077.82392482387
770,6.936936936936937,61132.54509993657
771,6.945945945945946,61187.253419334666
772,6.954954954954955,61241.892949138375
773,6.963963963963964,61295.7435893996
774,6.972972972972973,61349.5898863132
775,6.981981981981982,61371.98917007466
776,6.990990990990991,61387.80363828927
777,7.0,61403.595832059014
778,7.009009009009009,61399.95556161747
779,7.018018018018018,61389.61964009602
780,7.027027027027027,61379.45713229806
781,7.036036036036036,61369.28844669663
782,7.045045045045045,61358.51617485613
783,7.054054054054054,61346.13810594554
784,7.063063063063063,61296.41569261674
785,7.072072072072072,61211.45577281284
786,7.081081081081081,61125.40965129207
787,7.09009009009009,61008.40535312131
788,7.099099099099099,60891.733693176735
789,7.108108108108108,60775.49533234383
790,7.117117117117117,60660.04162815163
791,7.126126126126126,60544.92105657671
792,7.135135135135135,60429.616265299934
793,7.1441441441441444,60312.537084736025
794,7.153153153153153,60188.451659255785
795,7.162162162162162,60064.738733682316
796,7.171171171171171,59928.68825997722
797,7.18018018018018,59791.81333304407
798,7.1891891891891895,59655.38697760604
799,7.198198198198198,59519.40753703663
800,7.207207207207207,59384.35498488671
801,7.216216216216216,59250.65689284997
802,7.225225225225225,59114.52003384654
803,7.2342342342342345,58976.54918110257
804,7.243243243243243,58839.05940601201
805,7.252252252252252,58702.04872341556
806,7.261261261261261,58565.51515600496
807,7.27027027027027,58410.71061876654
808,7.2792792792792795,58241.521530507656
809,7.288288288288288,58073.30424679232
810,7.297297297297297,57906.682608848336
811,7.306306306306306,57737.66051955972
812,7.315315315315315,57559.88539985699
813,7.324324324324325,57382.91349876628
814,7.333333333333333,57206.74059193505
815,7.342342342342342,57031.3624754307
816,7.351351351351351,56849.2665766807
817,7.36036036036036,56663.146381193306
818,7.36936936936937,56477.075896658826
819,7.378378378378378,56291.81053796059
820,7.387387387387387,56105.03421346213
821,7.396396396396396,55915.246603974905
822,7.405405405405405,55726.30510226957
823,7.414414414414415,55538.20588713869
824,7.423423423423423,55350.945144880265
825,7.4324324324324325,55164.36389090924
826,7.441441441441442,54979.684300814784
827,7.45045045045045,54798.32045509816
828,7.45945945945946,54617.811862034236
829,7.468468468468468,54447.75740977559
830,7.4774774774774775,54287.74211206746
831,7.486486486486487,54128.41163607117
832,7.495495495495495,53969.76257208359
833,7.504504504504505,53811.79152611292
834,7.513513513513513,53626.06824093039
835,7.5225225225225225,53423.32875518383
836,7.531531531531532,53222.56859162386
837,7.54054054054054,53022.65403912054
838,7.54954954954955,52823.81197971906
839,7.558558558558558,52626.03583972487
840,7.5675675675675675,52429.31908091814
841,7.576576576576577,52159.87088226654
842,7.585585585585585,51890.72055910193
843,7.594594594594595,51633.03378169449
844,7.603603603603603,51403.95864290071
845,7.612612612612613,51177.85127844006
846,7.621621621621622,50951.8427955619
847,7.63063063063063,50727.24499366498
848,7.63963963963964,50504.04786889513
849,7.648648648648648,50282.24147922107
850,7.657657657657658,50120.298808909676
851,7.666666666666667,49988.34911406854
852,7.675675675675675,49856.47519079034
853,7.684684684684685,49722.250096237796
854,7.693693693693693,49588.574140168734
855,7.702702702702703,49453.12508641938
856,7.711711711711712,49316.604190451086
857,7.7207207207207205,49180.612729130975
858,7.72972972972973,49002.89594206807
859,7.738738738738738,48777.10393772557
860,7.747747747747748,48552.71272190669
861,7.756756756756757,48330.94111984297
862,7.7657657657657655,48114.617762914495
863,7.774774774774775,47899.60453548233
864,7.783783783783783,47688.10818830678
865,7.792792792792793,47481.597401892395
866,7.801801801801802,47275.90713151909
867,7.8108108108108105,47071.51569723389
868,7.81981981981982,46891.03429174367
869,7.828828828828828,46721.22124198858
870,7.837837837837838,46552.32760294093
871,7.846846846846847,46378.952917764414
872,7.8558558558558556,46199.38359407541
873,7.864864864864865,46020.90375355935
874,7.873873873873873,45843.67180793967
875,7.882882882882883,45667.458471296835
876,7.891891891891892,45492.25549017006
877,7.900900900900901,45315.25867710212
878,7.90990990990991,45137.50510008336
879,7.918918918918918,44960.79004017989
880,7.927927927927928,44786.90094833312
881,7.936936936936937,44614.62652858842
882,7.945945945945946,44443.34288055571
883,7.954954954954955,44273.61017895562
884,7.963963963963964,44107.43824356202
885,7.972972972972973,43942.55905956892
886,7.981981981981982,43775.723568959256
887,7.990990990990991,43607.20099340558
888,8.0,43439.68895894917
889,8.00900900900901,43264.859588310064
890,8.018018018018019,43078.506008484444
891,8.027027027027026,42893.382644808575
892,8.036036036036036,42709.479363131126
893,8.045045045045045,42528.66352917168
894,8.054054054054054,42349.78983420087
895,8.063063063063064,42173.59909688744
896,8.072072072072071,41999.36728924564
897,8.08108108108108,41826.27587805431
898,8.09009009009009,41654.31529940003
899,8.0990990990991,41483.476081478
900,8.108108108108109,41313.74884367862
901,8.117117117117116,41148.15346388265
902,8.126126126126126,40984.684220214716
903,8.135135135135135,40822.642473715896
904,8.144144144144144,40662.96794147947
905,8.153153153153154,40505.38598471806
906,8.162162162162161,40348.78992198514
907,8.17117117117117,40193.17173266559
908,8.18018018018018,40038.523472608606
909,8.18918918918919,39898.53943265489
910,8.198198198198199,39769.052870515916
911,8.207207207207206,39638.0235503742
912,8.216216216216216,39503.82053229164
913,8.225225225225225,39370.91413979322
914,8.234234234234235,39238.64951307954
915,8.243243243243244,39107.078010268306
916,8.252252252252251,38976.19501507634
917,8.26126126126126,38845.995946210525
918,8.27027027027027,38718.1985223563
919,8.27927927927928,38592.33580641663
920,8.288288288288289,38467.67359204255
921,8.297297297297296,38343.669725422806
922,8.306306306306306,38217.944140945896
923,8.315315315315315,38092.34967129795
924,8.324324324324325,37967.428135619106
925,8.333333333333334,37843.17480435421
926,8.342342342342342,37719.58498736865
927,8.35135135135135,37460.17675885541
928,8.36036036036036,37254.571928651894
929,8.36936936936937,37118.84398928557
930,8.378378378378379,36984.86277940013
931,8.387387387387387,36851.6577907837
932,8.396396396396396,36719.223179246685
933,8.405405405405405,36605.12879323828
934,8.414414414414415,36508.796098146995
935,8.423423423423424,36412.89253970769
936,8.432432432432432,36317.415546665325
937,8.441441441441441,36236.13988489538
938,8.45045045045045,36154.13260067967
939,8.45945945945946,36071.66410119485
940,8.468468468468469,35989.22941923709
941,8.477477477477477,35907.11133441764
942,8.486486486486486,35825.30821809027
943,8.495495495495495,35743.81845178024
944,8.504504504504505,35662.64042711193
945,8.513513513513514,35581.772545737185
946,8.522522522522522,35501.213219264086
947,8.531531531531531,35418.1231783238
948,8.54054054054054,35333.506761327546
949,8.54954954954955,35252.28993924782
950,8.558558558558559,35171.37941818366
951,8.567567567567567,35090.773673112846
952,8.576576576576576,35010.47118809677
953,8.585585585585585,34930.470456220304
954,8.594594594594595,34850.769979531826
955,8.603603603603604,34771.36826898377
956,8.612612612612612,34692.78551401163
957,8.621621621621621,34617.19768470371
958,8.63063063063063,34542.200757526065
959,8.63963963963964,34467.48674712843
960,8.64864864864865,34393.054191810894
961,8.657657657657657,34318.90163924044
962,8.666666666666666,34245.02764638072
963,8.675675675675675,34171.430779422466
964,8.684684684684685,34098.109613714456
965,8.693693693693694,34030.14564233634
966,8.702702702702702,33964.094766043134
967,8.711711711711711,33897.91851545584
968,8.72072072072072,33831.96856131043
969,8.72972972972973,33766.243838522685
970,8.73873873873874,33700.74328825377
971,8.747747747747749,33635.4658578672
972,8.756756756756756,33570.41050088616
973,8.765765765765765,33505.57617695101
974,8.774774774774775,33439.51073591327
975,8.783783783783784,33386.23163308454
976,8.792792792792794,33357.77810731192
977,8.801801801801801,33329.6446250839
978,8.81081081081081,33301.5584867798
979,8.81981981981982,33273.519573159254
980,8.82882882882883,33245.52776538145
981,8.837837837837839,33217.582945003494
982,8.846846846846846,33189.68499397871
983,8.855855855855856,33161.833794654995
984,8.864864864864865,33134.02922977318
985,8.873873873873874,33105.81983675888
986,8.882882882882884,33085.530999295675
987,8.891891891891891,33065.26701339022
988,8.9009009009009,33045.02783341198
989,8.90990990990991,33024.81341384209
990,8.91891891891892,33004.62370927296
991,8.927927927927929,32984.45867440794
992,8.936936936936936,32964.31826406105
993,8.945945945945946,32944.20243315655
994,8.954954954954955,32924.111136728636
995,8.963963963963964,32890.549121150274
996,8.972972972972974,32856.828396087236
997,8.981981981981981,32823.17674080163
998,8.99099099099099,32789.593943307955
999,9.0,32754.759403049124
