,H,Sxx
0,0.0,5916934.479194951
1,0.009009009009009009,5916934.479194951
2,0.018018018018018018,5916829.211241326
3,0.02702702702702703,5914874.950536838
4,0.036036036036036036,5909670.8089822
5,0.04504504504504504,5908641.6468465
6,0.05405405405405406,5907600.060746371
7,0.06306306306306306,5906483.326517726
8,0.07207207207207207,5905204.466915084
9,0.08108108108108109,5903797.518800969
10,0.09009009009009009,5902343.03177482
11,0.0990990990990991,5900777.138523842
12,0.10810810810810811,5899118.448741701
13,0.11711711711711711,5873387.755217844
14,0.12612612612612611,5871197.390735009
15,0.13513513513513514,5871642.627149663
16,0.14414414414414414,5872023.081719301
17,0.15315315315315314,5872315.828846979
18,0.16216216216216217,5872514.220772275
19,0.17117117117117117,5872641.658031998
20,0.18018018018018017,5872773.851662973
21,0.1891891891891892,5872857.550702614
22,0.1981981981981982,5804273.573278552
23,0.2072072072072072,5764647.306927747
24,0.21621621621621623,5767128.965634612
25,0.22522522522522523,5769552.809094418
26,0.23423423423423423,5771944.063282367
27,0.24324324324324323,5774324.440603037
28,0.25225225225225223,5776651.623060351
29,0.26126126126126126,5778879.818298075
30,0.2702702702702703,5781010.942805338
31,0.27927927927927926,5750606.279761111
32,0.2882882882882883,5655926.301307199
33,0.2972972972972973,5652861.893445669
34,0.3063063063063063,5654273.858263443
35,0.3153153153153153,5655666.756758987
36,0.32432432432432434,5657110.305959376
37,0.3333333333333333,5658504.772752526
38,0.34234234234234234,5659741.734237232
39,0.35135135135135137,5660765.197985125
40,0.36036036036036034,5661724.748444204
41,0.36936936936936937,5548049.175089763
42,0.3783783783783784,5506795.9585851785
43,0.38738738738738737,5508693.099062518
44,0.3963963963963964,5510401.429867542
45,0.40540540540540543,5511340.320351577
46,0.4144144144144144,5512285.33269026
47,0.42342342342342343,5513740.424136119
48,0.43243243243243246,5515127.454735625
49,0.44144144144144143,5516577.707238172
50,0.45045045045045046,5466714.067404511
51,0.45945945945945943,5345213.842607048
52,0.46846846846846846,5347085.085924426
53,0.4774774774774775,5348910.861310723
54,0.48648648648648646,5350690.960276879
55,0.4954954954954955,5352425.175932441
56,0.5045045045045045,5354366.119519292
57,0.5135135135135135,5356319.017025002
58,0.5225225225225225,5358235.8974793805
59,0.5315315315315315,5352895.08558436
60,0.5405405405405406,5218724.046928732
61,0.5495495495495496,5179567.090723724
62,0.5585585585585585,5182218.261262941
63,0.5675675675675675,5184841.591092697
64,0.5765765765765766,5187436.905192941
65,0.5855855855855856,5189802.095243669
66,0.5945945945945946,5192124.597726389
67,0.6036036036036035,5194365.685625194
68,0.6126126126126126,5196138.564100483
69,0.6216216216216216,5117130.615874469
70,0.6306306306306306,5075505.233713251
71,0.6396396396396397,5067891.7108469615
72,0.6486486486486487,5060264.016518002
73,0.6576576576576576,5052622.488766858
74,0.6666666666666666,5045184.996675458
75,0.6756756756756757,5037860.2905577235
76,0.6846846846846847,5030528.962179795
77,0.6936936936936937,5023602.979070743
78,0.7027027027027027,5014562.603974002
79,0.7117117117117117,4912723.510114059
80,0.7207207207207207,4915180.924529723
81,0.7297297297297297,4917616.72295275
82,0.7387387387387387,4920030.767302713
83,0.7477477477477478,4922413.063692216
84,0.7567567567567568,4924672.725716552
85,0.7657657657657657,4926907.738479869
86,0.7747747747747747,4929010.383294702
87,0.7837837837837838,4930713.757286285
88,0.7927927927927928,4838569.070533341
89,0.8018018018018018,4749400.733337217
90,0.8108108108108109,4751703.53976352
91,0.8198198198198198,4753973.874893975
92,0.8288288288288288,4756211.527888305
93,0.8378378378378378,4758453.459938885
94,0.8468468468468469,4760674.317031305
95,0.8558558558558559,4748449.903916897
96,0.8648648648648649,4707940.915723475
97,0.8738738738738738,4668115.6231039055
98,0.8828828828828829,4574225.673546631
99,0.8918918918918919,4559043.693340105
100,0.9009009009009009,4543946.884593711
101,0.9099099099099099,4529020.728312101
102,0.9189189189189189,4514245.797057184
103,0.9279279279279279,4499554.494044677
104,0.9369369369369369,4505560.33432285
105,0.9459459459459459,4521393.313384239
106,0.954954954954955,4498410.261408761
107,0.963963963963964,4475657.423284119
108,0.9729729729729729,4461055.814557845
109,0.9819819819819819,4455257.827261345
110,0.990990990990991,4449461.7815941395
111,1.0,4443293.989639146
112,1.009009009009009,4437030.139923564
113,1.018018018018018,4424920.689142459
114,1.027027027027027,4458427.680413118
115,1.0360360360360361,4444928.890689822
116,1.045045045045045,4431499.913950148
117,1.054054054054054,4418140.314926009
118,1.063063063063063,4404849.660497001
119,1.072072072072072,4391627.519708744
120,1.0810810810810811,4378558.369879482
121,1.09009009009009,4365800.0828192085
122,1.0990990990990992,4345791.513121917
123,1.1081081081081081,4187185.3342088033
124,1.117117117117117,4180247.723589315
125,1.1261261261261262,4173325.508881367
126,1.135135135135135,4166418.6803399953
127,1.1441441441441442,4159527.227776931
128,1.1531531531531531,4152651.1405676943
129,1.162162162162162,4145877.466294044
130,1.1711711711711712,4139570.704405127
131,1.1801801801801801,4133275.282099777
132,1.1891891891891893,4049932.9435796584
133,1.1981981981981982,4122552.8190368293
134,1.207207207207207,4115956.8577430034
135,1.2162162162162162,4109378.9820069843
136,1.2252252252252251,4102819.1316836155
137,1.2342342342342343,4096277.246790341
138,1.2432432432432432,4089753.2675078437
139,1.2522522522522523,4083247.1341806324
140,1.2612612612612613,4076533.998644024
141,1.2702702702702702,4033094.6140516973
142,1.2792792792792793,3944120.4893591544
143,1.2882882882882882,3942215.11916875
144,1.2972972972972974,3940232.1010294626
145,1.3063063063063063,3938236.480625678
146,1.3153153153153152,3936228.2973027527
147,1.3243243243243243,3934207.5906089023
148,1.3333333333333333,3932174.400293275
149,1.3423423423423424,3930160.6079664472
150,1.3513513513513513,3928179.668717521
151,1.3603603603603605,3883985.47898325
152,1.3693693693693694,3805612.3756057797
153,1.3783783783783783,3799139.710861878
154,1.3873873873873874,3792680.9619412683
155,1.3963963963963963,3786236.129801156
156,1.4054054054054055,3779805.2148518004
157,1.4144144144144144,3773388.21696457
158,1.4234234234234233,3766978.020301046
159,1.4324324324324325,3760520.932754834
160,1.4414414414414414,3711979.2805199227
161,1.4504504504504505,3742051.246986598
162,1.4594594594594594,3723873.0207911213
163,1.4684684684684683,3705870.3956181915
164,1.4774774774774775,3688040.8414864703
165,1.4864864864864864,3670381.876741476
166,1.4954954954954955,3652891.06690813
167,1.5045045045045045,3635566.9775879956
168,1.5135135135135136,3618496.4837428113
169,1.5225225225225225,3601585.500765591
170,1.5315315315315314,3662411.2676447853
171,1.5405405405405406,3676547.7181360675
172,1.5495495495495495,3658832.8295590244
173,1.5585585585585586,3641287.746139474
174,1.5675675675675675,3623910.039314126
175,1.5765765765765765,3606697.326586881
176,1.5855855855855856,3589647.270442269
177,1.5945945945945945,3572885.120290952
178,1.6036036036036037,3556290.371794096
179,1.6126126126126126,3478908.923927435
180,1.6216216216216217,3502136.7259956473
181,1.6306306306306306,3485450.800231809
182,1.6396396396396395,3468922.8138951263
183,1.6486486486486487,3452550.5394954346
184,1.6576576576576576,3436331.7911499613
185,1.6666666666666667,3420259.9398050294
186,1.6756756756756757,3404242.1835277136
187,1.6846846846846846,3388373.6352648335
188,1.6936936936936937,3432673.331433633
189,1.7027027027027026,3449401.1983281104
190,1.7117117117117118,3459810.8962780484
191,1.7207207207207207,3441524.6932284907
192,1.7297297297297298,3423430.7122336193
193,1.7387387387387387,3405525.9391384125
194,1.7477477477477477,3387814.698599985
195,1.7567567567567568,3370297.7219987954
196,1.7657657657657657,3352960.8917983957
197,1.7747747747747749,3364046.713077235
198,1.7837837837837838,3326987.0472756918
199,1.7927927927927927,3307326.2208039295
200,1.8018018018018018,3302792.967715022
201,1.8108108108108107,3298270.5228036167
202,1.8198198198198199,3293758.8538051792
203,1.8288288288288288,3289266.2509208485
204,1.8378378378378377,3284891.5888653095
205,1.8468468468468469,3280527.440226796
206,1.8558558558558558,3244169.6520963367
207,1.864864864864865,3235439.0072495756
208,1.8738738738738738,3226732.3360355487
209,1.882882882882883,3218071.9642998585
210,1.8918918918918919,3209457.5270646573
211,1.9009009009009008,3200888.6631434695
212,1.90990990990991,3192365.0150925396
213,1.9189189189189189,3163277.645729191
214,1.927927927927928,3132469.6274580895
215,1.936936936936937,3167715.9990229597
216,1.9459459459459458,3152656.707421853
217,1.954954954954955,3137767.854731914
218,1.9639639639639639,3123017.5282277213
219,1.972972972972973,3108403.824766717
220,1.981981981981982,3093924.875492098
221,1.990990990990991,3079578.8450745125
222,2.0,3097760.9768427485
223,2.009009009009009,3077672.619992385
224,2.018018018018018,3066553.3614762514
225,2.027027027027027,3090105.7719210773
226,2.036036036036036,3068608.8440282037
227,2.045045045045045,3048308.1928664735
228,2.054054054054054,3028618.6329756435
229,2.063063063063063,3009177.99335427
230,2.0720720720720722,2989981.660242012
231,2.081081081081081,3007066.0317255557
232,2.09009009009009,2988201.4373196363
233,2.099099099099099,2969504.5450696847
234,2.108108108108108,3006509.153382776
235,2.1171171171171173,2989846.9527630657
236,2.126126126126126,2973418.6143150656
237,2.135135135135135,2957199.7421501195
238,2.144144144144144,2941155.084943681
239,2.153153153153153,2925281.880470243
240,2.1621621621621623,2928188.1108485637
241,2.171171171171171,2945886.8726074677
242,2.18018018018018,2927148.1487838584
243,2.189189189189189,2938094.323815137
244,2.1981981981981984,2922630.1239480036
245,2.2072072072072073,2907271.9242558437
246,2.2162162162162162,2892022.028219628
247,2.225225225225225,2876929.096034549
248,2.234234234234234,2861990.7526928755
249,2.2432432432432434,2857283.326913654
250,2.2522522522522523,2888743.6852912134
251,2.2612612612612613,2874093.0467723585
252,2.27027027027027,2852256.9197076196
253,2.279279279279279,2823224.4901833707
254,2.2882882882882885,2814098.5582886576
255,2.2972972972972974,2805016.1761843245
256,2.3063063063063063,2795992.2309588687
257,2.315315315315315,2787026.160443385
258,2.324324324324324,2778117.4096566834
259,2.3333333333333335,2817560.698358962
260,2.3423423423423424,2813613.2835865696
261,2.3513513513513513,2806371.7412373363
262,2.3603603603603602,2760802.683487352
263,2.369369369369369,2756886.3187371297
264,2.3783783783783785,2753062.4875604627
265,2.3873873873873874,2749248.517611767
266,2.3963963963963963,2745444.373661794
267,2.4054054054054053,2741650.020632814
268,2.414414414414414,2737865.423597928
269,2.4234234234234235,2711354.8940024874
270,2.4324324324324325,2710646.41789849
271,2.4414414414414414,2671388.42180014
272,2.4504504504504503,2667674.434631387
273,2.4594594594594597,2667015.9072076385
274,2.4684684684684686,2666307.6552956044
275,2.4774774774774775,2665597.758645354
276,2.4864864864864864,2664886.2200744827
277,2.4954954954954953,2664173.0424051564
278,2.5045045045045047,2637327.0727903023
279,2.5135135135135136,2633500.975631529
280,2.5225225225225225,2629628.9196451167
281,2.5315315315315314,2585331.4258331046
282,2.5405405405405403,2581769.900346618
283,2.5495495495495497,2578217.7050048597
284,2.5585585585585586,2574674.8050206406
285,2.5675675675675675,2571141.1657695263
286,2.5765765765765765,2567616.752788959
287,2.5855855855855854,2587232.744853372
288,2.5945945945945947,2585667.5858824295
289,2.6036036036036037,2579279.4008651846
290,2.6126126126126126,2572922.701708022
291,2.6216216216216215,2525496.8485734384
292,2.6306306306306304,2515171.63288038
293,2.6396396396396398,2504930.1211441774
294,2.6486486486486487,2494771.304361017
295,2.6576576576576576,2484694.1896005333
296,2.6666666666666665,2482951.029708097
297,2.6756756756756754,2507034.898759568
298,2.684684684684685,2495226.236576728
299,2.6936936936936937,2483526.548998971
300,2.7027027027027026,2473183.2107123914
301,2.7117117117117115,2468815.604041769
302,2.720720720720721,2464463.3793868427
303,2.72972972972973,2460126.455719381
304,2.7387387387387387,2455804.752578655
305,2.7477477477477477,2451498.1900664857
306,2.7567567567567566,2475990.07940416
307,2.765765765765766,2479397.1439944017
308,2.774774774774775,2471422.122205086
309,2.7837837837837838,2463338.066015336
310,2.7927927927927927,2455306.655927664
311,2.8018018018018016,2447327.380003865
312,2.810810810810811,2439399.732913091
313,2.81981981981982,2431523.215825743
314,2.828828828828829,2411458.5327865137
315,2.8378378378378377,2387392.4515163023
316,2.8468468468468466,2352009.817858762
317,2.855855855855856,2352812.9351265207
318,2.864864864864865,2353743.648374494
319,2.873873873873874,2354672.0538951564
320,2.8828828828828827,2355685.998773548
321,2.8918918918918917,2356740.710196244
322,2.900900900900901,2357794.140183321
323,2.90990990990991,2355397.6771041937
324,2.918918918918919,2350109.832434917
325,2.9279279279279278,2315248.237464348
326,2.9369369369369367,2305485.5457024155
327,2.945945945945946,2300557.7843023245
328,2.954954954954955,2295651.887681974
329,2.963963963963964,2290746.9293692987
330,2.972972972972973,2285857.5937214047
331,2.981981981981982,2280989.085020353
332,2.990990990990991,2304307.953971734
333,3.0,2307556.724535735
334,3.009009009009009,2283935.8411350297
335,3.018018018018018,2271700.5148780905
336,3.027027027027027,2263266.699144236
337,3.036036036036036,2254888.338692539
338,3.045045045045045,2246554.824127202
339,3.054054054054054,2238274.597314537
340,3.063063063063063,2230054.7182588503
341,3.0720720720720722,2231863.3741762727
342,3.081081081081081,2250755.504637309
343,3.09009009009009,2244184.786652286
344,3.099099099099099,2222281.908463466
345,3.108108108108108,2215471.768195401
346,3.1171171171171173,2208721.530376356
347,3.126126126126126,2202014.90505656
348,3.135135135135135,2195367.831985813
349,3.144144144144144,2188760.520643385
350,3.153153153153153,2182192.617629658
351,3.1621621621621623,2193493.131036366
352,3.171171171171171,2210269.8567013987
353,3.18018018018018,2186481.347728724
354,3.189189189189189,2167679.8699140516
355,3.198198198198198,2162657.8778774003
356,3.2072072072072073,2157648.551930166
357,3.2162162162162162,2152629.2363646785
358,3.225225225225225,2147633.21883691
359,3.234234234234234,2142660.3375131744
360,3.2432432432432434,2139268.2305624234
361,3.2522522522522523,2154398.726593227
362,3.2612612612612613,2142484.611717015
363,3.27027027027027,2123139.8312728857
364,3.279279279279279,2111279.6321405694
365,3.2882882882882885,2106718.754380673
366,3.2972972972972974,2102260.771899731
367,3.3063063063063063,2097829.890959913
368,3.315315315315315,2093417.6321351717
369,3.324324324324324,2089023.8783778166
370,3.3333333333333335,2096508.4812086378
371,3.3423423423423424,2098452.303150368
372,3.3513513513513513,2070223.0701726612
373,3.3603603603603602,2062211.0740163794
374,3.369369369369369,2057808.6518031529
375,3.3783783783783785,2053204.9776399757
376,3.3873873873873874,2048621.7980875548
377,3.3963963963963963,2044058.9769698111
378,3.4054054054054053,2039516.3793111544
379,3.414414414414414,2039863.0365802313
380,3.4234234234234235,2048829.7144811843
381,3.4324324324324325,2029071.1505948626
382,3.4414414414414414,2014278.7394983692
383,3.4504504504504503,2009987.1205663006
384,3.4594594594594597,2005848.0061903945
385,3.4684684684684686,2001737.889113832
386,3.4774774774774775,1997644.5412958583
387,3.4864864864864864,1993567.8605574064
388,3.4954954954954953,1989507.7455459507
389,3.5045045045045047,1996980.8130883316
390,3.5135135135135136,1985088.5420465071
391,3.5225225225225225,1970067.093358824
392,3.5315315315315314,1964982.4227090226
393,3.5405405405405403,1962771.3680894254
394,3.5495495495495497,1960565.1396698195
395,3.5585585585585586,1958363.7221269354
396,3.5675675675675675,1956167.100200279
397,3.5765765765765765,1953975.2586918224
398,3.5855855855855854,1951788.1824656958
399,3.5945945945945947,1961526.1075482043
400,3.6036036036036037,1942182.9208148161
401,3.6126126126126126,1927013.418231005
402,3.6216216216216215,1924973.4818806252
403,3.6306306306306304,1922946.375387806
404,3.6396396396396398,1920923.4311866483
405,3.6486486486486487,1918249.4111609114
406,3.6576576576576576,1907632.0113179155
407,3.6666666666666665,1897128.0188238774
408,3.6756756756756754,1915133.607830911
409,3.684684684684685,1904600.177517891
410,3.6936936936936937,1895352.6420293904
411,3.7027027027027026,1893619.70637944
412,3.7117117117117115,1891889.8660554448
413,3.720720720720721,1890084.305924437
414,3.72972972972973,1885158.7270608349
415,3.7387387387387387,1867021.850004736
416,3.7477477477477477,1849217.3831875152
417,3.7567567567567566,1840802.245035729
418,3.765765765765766,1844722.3901497133
419,3.774774774774775,1848655.5395372163
420,3.7837837837837838,1852619.1573995852
421,3.7927927927927927,1856600.3062762548
422,3.8018018018018016,1860609.8512483337
423,3.810810810810811,1863695.411519432
424,3.81981981981982,1853446.8353702007
425,3.828828828828829,1840964.0039735248
426,3.8378378378378377,1828642.3292516028
427,3.8468468468468466,1825372.3537001375
428,3.855855855855856,1825535.840870184
429,3.864864864864865,1825659.3715092833
430,3.873873873873874,1825741.6424257387
431,3.8828828828828827,1825798.5445220268
432,3.8918918918918917,1822484.9586684266
433,3.900900900900901,1803902.7505383035
434,3.90990990990991,1786860.031927512
435,3.918918918918919,1781647.180153874
436,3.9279279279279278,1777591.2619203872
437,3.9369369369369367,1778479.7100807815
438,3.945945945945946,1779463.6780820526
439,3.954954954954955,1780465.5519420432
440,3.963963963963964,1781401.9405792705
441,3.972972972972973,1780325.4763320296
442,3.981981981981982,1774683.6736166188
443,3.990990990990991,1746822.4954099404
444,4.0,1741451.6063259465
445,4.009009009009009,1738023.3311843227
446,4.018018018018018,1738774.401247681
447,4.027027027027027,1739457.9954313925
448,4.036036036036036,1740117.5265007794
449,4.045045045045045,1740802.958871563
450,4.054054054054054,1741659.0122821527
451,4.063063063063063,1737698.5979621585
452,4.072072072072072,1716647.2569158939
453,4.081081081081081,1704873.345684216
454,4.09009009009009,1699535.3552233018
455,4.099099099099099,1701987.6565445093
456,4.108108108108108,1704486.6776675875
457,4.117117117117117,1707011.0317600446
458,4.126126126126126,1709541.2341031493
459,4.135135135135135,1712031.0706074443
460,4.1441441441441444,1707982.8677450581
461,4.153153153153153,1689505.5400500726
462,4.162162162162162,1678010.7693901164
463,4.171171171171171,1668318.285736952
464,4.18018018018018,1667422.6996264919
465,4.1891891891891895,1667346.4230072314
466,4.198198198198198,1667246.4302276338
467,4.207207207207207,1667145.4581586472
468,4.216216216216216,1667057.0620600907
469,4.225225225225225,1664246.6677684148
470,4.2342342342342345,1655276.4401848188
471,4.243243243243243,1657729.5881549055
472,4.252252252252252,1647503.7503018181
473,4.261261261261261,1638717.6831275185
474,4.27027027027027,1637774.8794361714
475,4.2792792792792795,1636846.2781329711
476,4.288288288288288,1635918.654738546
477,4.297297297297297,1634972.2257994919
478,4.306306306306306,1632514.065181317
479,4.315315315315315,1623875.8882821067
480,4.324324324324325,1635230.211139547
481,4.333333333333333,1625845.4246619963
482,4.342342342342342,1616564.0276868145
483,4.351351351351351,1608657.2993485774
484,4.36036036036036,1607243.2969753353
485,4.36936936936937,1605831.6392324688
486,4.378378378378378,1604470.622627285
487,4.387387387387387,1603131.8503880217
488,4.396396396396397,1596147.4125005165
489,4.405405405405405,1588333.300216251
490,4.414414414414415,1600909.6727758935
491,4.423423423423423,1594829.3765553602
492,4.4324324324324325,1590147.046307722
493,4.441441441441442,1588761.7022287673
494,4.45045045045045,1587378.709696069
495,4.45945945945946,1585901.865269382
496,4.468468468468468,1584363.4794337573
497,4.4774774774774775,1579561.016847079
498,4.486486486486487,1573725.8460715928
499,4.495495495495495,1550881.015916298
500,4.504504504504505,1547343.1128120164
501,4.513513513513513,1543821.3089994977
502,4.5225225225225225,1543445.9944667465
503,4.531531531531532,1544103.0924631471
504,4.54054054054054,1544759.4517645482
505,4.54954954954955,1545415.067011598
506,4.558558558558558,1546106.3444620522
507,4.5675675675675675,1542617.6466996532
508,4.576576576576577,1526015.8730015417
509,4.585585585585585,1517153.035120402
510,4.594594594594595,1513673.0518340105
511,4.603603603603603,1512100.357739111
512,4.612612612612613,1517334.6246532798
513,4.621621621621622,1519459.3998150309
514,4.63063063063063,1514595.4242650394
515,4.63963963963964,1509783.934561935
516,4.648648648648648,1505037.210219795
517,4.657657657657658,1500319.7980180115
518,4.666666666666667,1487932.248486952
519,4.675675675675675,1490507.3662928166
520,4.684684684684685,1493089.6017746706
521,4.693693693693693,1495678.9712640722
522,4.702702702702703,1497296.749009756
523,4.711711711711712,1494452.422872472
524,4.7207207207207205,1491615.4975364266
525,4.72972972972973,1482897.7471274817
526,4.738738738738738,1472882.6168210728
527,4.747747747747748,1464662.7681047982
528,4.756756756756757,1463106.2829360398
529,4.7657657657657655,1462283.3040466185
530,4.774774774774775,1461461.0998372636
531,4.783783783783783,1460601.1815596614
532,4.792792792792793,1457260.1765920464
533,4.801801801801802,1459490.765388445
534,4.8108108108108105,1457677.6651022425
535,4.81981981981982,1451591.4836643527
536,4.828828828828828,1445554.44516683
537,4.837837837837838,1443502.2221122717
538,4.846846846846847,1443114.4879185501
539,4.8558558558558556,1442726.833143522
540,4.864864864864865,1442334.9713716651
541,4.873873873873874,1436914.7157031272
542,4.882882882882883,1429852.1025033048
543,4.891891891891892,1433773.5685605234
544,4.900900900900901,1427736.3987903243
545,4.90990990990991,1421748.8958688735
546,4.918918918918919,1419927.0609206574
547,4.927927927927928,1420745.8049815365
548,4.936936936936937,1421564.650855172
549,4.945945945945946,1421895.6032664252
550,4.954954954954955,1416403.2983119325
551,4.963963963963964,1410952.4463465805
552,4.972972972972973,1396387.4465112302
553,4.981981981981982,1390991.5537467361
554,4.990990990990991,1385636.4450286154
555,5.0,1382041.4129664372
556,5.009009009009009,1382696.2147419068
557,5.018018018018018,1383350.9926843657
558,5.027027027027027,1384002.372252578
559,5.036036036036036,1381451.3680087614
560,5.045045045045045,1375945.020394028
561,5.054054054054054,1384811.0163294433
562,5.063063063063063,1379666.5291542325
563,5.072072072072072,1372521.3383650428
564,5.081081081081081,1365447.7636191898
565,5.09009009009009,1364250.9622900344
566,5.099099099099099,1363227.2353255644
567,5.108108108108108,1362230.275162755
568,5.117117117117117,1360326.7302818347
569,5.126126126126126,1354397.5002743602
570,5.135135135135135,1350009.7844472497
571,5.1441441441441444,1360107.3082936336
572,5.153153153153153,1355752.5038458137
573,5.162162162162162,1351424.9773779681
574,5.171171171171171,1349883.9666351497
575,5.18018018018018,1348723.846533261
576,5.1891891891891895,1347551.562398403
577,5.198198198198198,1346362.6156693199
578,5.207207207207207,1343930.2359799654
579,5.216216216216216,1339613.5268251048
580,5.225225225225225,1322350.7092520234
581,5.2342342342342345,1319794.9591761213
582,5.243243243243243,1317249.0690652477
583,5.252252252252252,1315301.1896043702
584,5.261261261261261,1317672.727152131
585,5.27027027027027,1320053.157096878
586,5.2792792792792795,1322457.7291602814
587,5.288288288288288,1320691.4981431079
588,5.297297297297297,1317305.4646916676
589,5.306306306306306,1305737.9684258527
590,5.315315315315315,1302431.4953261742
591,5.324324324324325,1299192.448951892
592,5.333333333333333,1296109.4607979206
593,5.342342342342342,1298283.1585155257
594,5.351351351351351,1300462.9831650665
595,5.36036036036036,1302648.9527710099
596,5.36936936936937,1302766.915095003
597,5.378378378378378,1299365.2106486368
598,5.387387387387387,1284852.78817489
599,5.396396396396397,1278804.2787621757
600,5.405405405405405,1275538.5006483116
601,5.414414414414415,1272288.4039133065
602,5.423423423423423,1273801.7850936726
603,5.4324324324324325,1275659.5585495296
604,5.441441441441442,1277521.6459243756
605,5.45045045045045,1279390.9151581917
606,5.45945945945946,1277244.9481201123
607,5.468468468468468,1269646.1536112747
608,5.4774774774774775,1257384.465470305
609,5.486486486486487,1254308.6656696761
610,5.495495495495495,1251246.950771521
611,5.504504504504505,1249106.782127736
612,5.513513513513513,1251257.086124265
613,5.5225225225225225,1253413.6480846377
614,5.531531531531532,1255576.4874219089
615,5.54054054054054,1255844.276267401
616,5.54954954954955,1253367.6481603254
617,5.558558558558558,1243017.2691790015
618,5.5675675675675675,1240660.1803070963
619,5.576576576576577,1240025.3782532127
620,5.585585585585585,1239391.1535080683
621,5.594594594594595,1238757.5053917558
622,5.603603603603603,1236432.2191477197
623,5.612612612612613,1233610.3331116636
624,5.621621621621622,1230796.81740451
625,5.63063063063063,1224679.5569829077
626,5.63963963963964,1215428.8573036469
627,5.648648648648648,1210215.663653374
628,5.657657657657658,1212621.4018455322
629,5.666666666666667,1216235.6081933898
630,5.675675675675675,1219868.633062638
631,5.684684684684685,1219736.9317457175
632,5.693693693693693,1210811.8930649564
633,5.702702702702703,1202021.1966762398
634,5.711711711711712,1198267.7195079897
635,5.7207207207207205,1195358.5499844293
636,5.72972972972973,1192975.954580419
637,5.738738738738738,1194611.8757869846
638,5.747747747747748,1196251.2942511032
639,5.756756756756757,1197894.2153774044
640,5.7657657657657655,1199540.6445232593
641,5.774774774774775,1194514.3193395818
642,5.783783783783783,1186047.4733938794
643,5.792792792792793,1178196.4018631428
644,5.801801801801802,1175042.0036737612
645,5.8108108108108105,1171904.34798322
646,5.81981981981982,1172620.4139284636
647,5.828828828828828,1174320.6162931134
648,5.837837837837838,1176024.5570951665
649,5.846846846846847,1177732.2411053206
650,5.8558558558558556,1176040.8473477128
651,5.864864864864865,1168376.8436654552
652,5.873873873873873,1160354.4629994181
653,5.882882882882883,1158563.0041876426
654,5.891891891891892,1156777.0528783607
655,5.900900900900901,1155982.2552760388
656,5.90990990990991,1157918.5685282312
657,5.918918918918919,1159860.6257606037
658,5.927927927927928,1161808.4477856923
659,5.936936936936937,1160107.6192304557
660,5.945945945945946,1152435.63516978
661,5.954954954954955,1144861.3699440474
662,5.963963963963964,1141373.4636878492
663,5.972972972972973,1139633.9117265237
664,5.981981981981982,1137881.0452914203
665,5.990990990990991,1139174.1469979126
666,6.0,1141641.2954810688
667,6.009009009009009,1144117.5094140142
668,6.018018018018018,1145550.2549782165
669,6.027027027027027,1139197.6931446576
670,6.036036036036036,1130687.2109455802
671,6.045045045045045,1122298.879159294
672,6.054054054054054,1120208.9989245583
673,6.063063063063063,1118527.4659051104
674,6.072072072072072,1118511.303504484
675,6.081081081081081,1121009.7536635138
676,6.09009009009009,1123518.1505443656
677,6.099099099099099,1126036.5432239163
678,6.108108108108108,1122123.511231514
679,6.117117117117117,1115431.5289664653
680,6.126126126126126,1108815.2591118407
681,6.135135135135135,1105816.5093569527
682,6.1441441441441444,1103450.4768392055
683,6.153153153153153,1101443.831364083
684,6.162162162162162,1103347.4730033244
685,6.171171171171171,1105253.1370085767
686,6.18018018018018,1107164.4536113418
687,6.1891891891891895,1104244.488573189
688,6.198198198198198,1097590.6026468729
689,6.207207207207207,1091009.9166983615
690,6.216216216216216,1087851.2105108239
691,6.225225225225225,1085761.7001443594
692,6.2342342342342345,1083680.15861132
693,6.243243243243243,1083727.229706279
694,6.252252252252252,1085549.4291473343
695,6.261261261261261,1087376.9723502796
696,6.27027027027027,1087574.9132057417
697,6.2792792792792795,1081286.6211339843
698,6.288288288288288,1074320.8492117652
699,6.297297297297297,1070597.021453029
700,6.306306306306306,1068448.8141767269
701,6.315315315315315,1066309.1250139298
702,6.324324324324325,1065000.5916738014
703,6.333333333333333,1066472.4884717045
704,6.342342342342342,1067947.6165233653
705,6.351351351351351,1069425.9816054674
706,6.36036036036036,1068339.8485274813
707,6.36936936936937,1060171.8505214562
708,6.378378378378378,1054241.6120226444
709,6.387387387387387,1052125.8523117215
710,6.396396396396396,1050018.5190485278
711,6.405405405405405,1047905.865393386
712,6.414414414414415,1048087.90646138
713,6.423423423423423,1050939.4661733531
714,6.4324324324324325,1053804.637855425
715,6.441441441441442,1055295.4562770007
716,6.45045045045045,1049896.9426181486
717,6.45945945945946,1041456.1701706796
718,6.468468468468468,1038380.622026011
719,6.4774774774774775,1036493.6845594894
720,6.486486486486487,1034842.3364867463
721,6.495495495495495,1039514.2166202998
722,6.504504504504505,1038969.187222198
723,6.513513513513513,1037101.0043155014
724,6.5225225225225225,1035239.4450290519
725,6.531531531531532,1030219.5400622361
726,6.54054054054054,1019457.2550785302
727,6.54954954954955,1017601.9931434556
728,6.558558558558558,1019678.767316064
729,6.5675675675675675,1021763.0856857897
730,6.576576576576577,1023848.95786379
731,6.585585585585585,1025562.2790216592
732,6.594594594594595,1021607.6872904041
733,6.603603603603603,1017682.8294734498
734,6.612612612612613,1013787.3794357852
735,6.621621621621622,1009921.7383038969
736,6.63063063063063,1008234.9358393798
737,6.63963963963964,1009288.6210516423
738,6.648648648648648,1010406.5408272826
739,6.657657657657658,1011520.9078381603
740,6.666666666666667,1012633.2132481423
741,6.675675675675675,1009152.937023019
742,6.684684684684685,1002421.1169076262
743,6.693693693693693,996226.4146309231
744,6.702702702702703,994257.27413842
745,6.711711711711712,992970.3994941791
746,6.7207207207207205,994490.1354804985
747,6.72972972972973,996013.7724519093
748,6.738738738738738,997539.3314363
749,6.747747747747748,999066.4169002984
750,6.756756756756757,998150.0034988587
751,6.7657657657657655,989407.246920345
752,6.774774774774775,980813.7743575383
753,6.783783783783783,978561.5944359883
754,6.792792792792793,976704.9615866026
755,6.801801801801802,978077.0750079683
756,6.8108108108108105,979452.5079996792
757,6.81981981981982,980837.4069220144
758,6.828828828828828,982238.4317478354
759,6.837837837837838,983643.0083281242
760,6.846846846846847,979532.8407426967
761,6.8558558558558556,971537.3573501196
762,6.864864864864865,968186.3581948123
763,6.873873873873873,965315.6281981929
764,6.882882882882883,964549.4254512633
765,6.891891891891892,965401.6362007952
766,6.900900900900901,966255.0474619552
767,6.90990990990991,967010.2056293037
768,6.918918918918919,967763.2444762139
769,6.927927927927928,964981.5739676459
770,6.936936936936937,957711.3685290708
771,6.945945945945946,952893.8806207536
772,6.954954954954955,949711.1838171814
773,6.963963963963964,949290.8803515912
774,6.972972972972973,950086.5731219476
775,6.981981981981982,950883.3073899203
776,6.990990990990991,951681.0841638845
777,7.0,952479.9044472405
778,7.009009009009009,951911.3363513165
779,7.018018018018018,946556.8682044093
780,7.027027027027027,941260.668338574
781,7.036036036036036,939216.2710506982
782,7.045045045045045,938598.1009134504
783,7.054054054054054,939319.5658994731
784,7.063063063063063,940041.797877528
785,7.072072072072072,940764.7968623734
786,7.081081081081081,941488.5628605388
787,7.09009009009009,938517.3712220375
788,7.099099099099099,932982.1308181237
789,7.108108108108108,927332.4098818091
790,7.117117117117117,925806.8226317376
791,7.126126126126126,924293.3722426805
792,7.135135135135135,924560.0366229762
793,7.1441441441441444,925162.3377399667
794,7.153153153153153,925765.1972116804
795,7.162162162162162,926368.6151497256
796,7.171171171171171,926976.3338120595
797,7.18018018018018,923404.1326859143
798,7.1891891891891895,915972.3560671506
799,7.198198198198198,912291.9239364684
800,7.207207207207207,910671.5881870006
801,7.216216216216216,910495.892945899
802,7.225225225225225,911628.2191912039
803,7.2342342342342345,912762.9653346362
804,7.243243243243243,913900.1372129336
805,7.252252252252252,915036.6301473203
806,7.261261261261261,914452.2891048955
807,7.27027027027027,908613.3703161345
808,7.2792792792792795,901231.2246858103
809,7.288288288288288,898420.2477666279
810,7.297297297297297,896110.0479618686
811,7.306306306306306,897295.4565605097
812,7.315315315315315,898524.6032427703
813,7.324324324324325,899756.6520054239
814,7.333333333333333,900991.50395969
815,7.342342342342342,901369.0261091813
816,7.351351351351351,896342.19415903
817,7.36036036036036,890188.8358882722
818,7.36936936936937,887390.017015753
819,7.378378378378378,884938.7741733252
820,7.387387387387387,885004.3513660056
821,7.396396396396396,885069.852960223
822,7.405405405405405,885135.2788798908
823,7.414414414414415,885200.6290489059
824,7.423423423423423,885266.3461195971
825,7.4324324324324325,882862.9946693453
826,7.441441441441442,880093.9008870649
827,7.45045045045045,878122.3393984712
828,7.45945945945946,878196.1163599271
829,7.468468468468468,878268.8166974467
830,7.4774774774774775,878341.4182308464
831,7.486486486486487,878413.9208487608
832,7.495495495495495,877577.7166586113
833,7.504504504504505,875250.9345797853
834,7.513513513513513,870831.1354791775
835,7.5225225225225225,865728.406924619
836,7.531531531531532,862059.1625244595
837,7.54054054054054,863480.2143007886
838,7.54954954954955,864905.5317143095
839,7.558558558558558,866335.131439441
840,7.5675675675675675,867769.0302150582
841,7.576576576576577,865938.2866813203
842,7.585585585585585,861561.6282966459
843,7.594594594594595,857433.3957635756
844,7.603603603603603,854740.6101842636
845,7.612612612612613,852557.5668019265
846,7.621621621621622,853095.7814309137
847,7.63063063063063,853634.4383928508
848,7.63963963963964,854173.5375244367
849,7.648648648648648,854713.0786581157
850,7.657657657657658,854595.2320948977
851,7.666666666666667,852754.0681114692
852,7.675675675675675,847830.9745620574
853,7.684684684684685,842912.980482206
854,7.693693693693693,842797.8089581509
855,7.702702702702703,842859.6174967268
856,7.711711711711712,842922.7666430025
857,7.7207207207207205,842985.8225982934
858,7.72972972972973,843048.7852669628
859,7.738738738738738,842753.1804508346
860,7.747747747747748,840464.4314393572
861,7.756756756756757,837537.1568159334
862,7.7657657657657655,832835.1406644811
863,7.774774774774775,830495.459267789
864,7.783783783783783,830582.8267372926
865,7.792792792792793,830670.1510316718
866,7.801801801801802,830757.5384933765
867,7.8108108108108105,830844.918925125
868,7.81981981981982,830932.2563369311
869,7.828828828828828,829156.6469106157
870,7.837837837837838,826918.0779758034
871,7.846846846846847,822212.3545932884
872,7.8558558558558556,819027.9345736986
873,7.864864864864865,819575.0789486163
874,7.873873873873873,820122.3377532898
875,7.882882882882883,820665.7215775107
876,7.891891891891892,821209.6256067682
877,7.900900900900901,821754.0499999402
878,7.90990990990991,819279.1560794256
879,7.918918918918918,816467.7154244262
880,7.927927927927928,812916.1975536689
881,7.936936936936937,809512.397400789
882,7.945945945945946,807677.5683219159
883,7.954954954954955,808209.6609388103
884,7.963963963963964,808743.0999336806
885,7.972972972972973,809277.7423371023
886,7.981981981981982,809812.9409381789
887,7.990990990990991,808623.2221493981
888,8.0,806035.0636263763
889,8.00900900900901,803461.8922976386
890,8.018018018018019,798765.1134366146
891,8.027027027027026,795994.7221422332
892,8.036036036036036,796496.056817676
893,8.045045045045045,796997.915846504
894,8.054054054054054,797504.0534007724
895,8.063063063063064,798010.6763765999
896,8.072072072072071,798517.7850422597
897,8.08108108108108,796168.7447681315
898,8.09009009009009,793778.2523322514
899,8.0990990990991,790413.961937548
900,8.108108108108109,784614.429217096
901,8.117117117117116,785430.5545194675
902,8.126126126126126,786248.1407269019
903,8.135135135135135,787056.3849551941
904,8.144144144144144,787865.1022019343
905,8.153153153153154,788675.1875325562
906,8.162162162162161,788605.2424004715
907,8.17117117117117,787273.977683093
908,8.18018018018018,785898.0053367001
909,8.18918918918919,779713.734745361
910,8.198198198198199,778602.1130753461
911,8.207207207207206,778637.6417525943
912,8.216216216216216,778684.3942028745
913,8.225225225225225,778738.3627083543
914,8.234234234234235,778792.2979169692
915,8.243243243243244,778846.1997975702
916,8.252252252252251,777869.9594376736
917,8.26126126126126,776226.9076610418
918,8.27027027027027,774590.271043948
919,8.27927927927928,767605.5464100044
920,8.288288288288289,767075.1271539051
921,8.297297297297296,766534.9880797985
922,8.306306306306306,765995.114859589
923,8.315315315315315,765455.9838015336
924,8.324324324324325,764917.5934125473
925,8.333333333333334,763669.2413326467
926,8.342342342342342,761674.3345371298
927,8.35135135135135,759704.4488055123
928,8.36036036036036,757937.4536378669
929,8.36936936936937,757912.6455574859
930,8.378378378378379,758872.0359724007
931,8.387387387387387,759833.2404673847
932,8.396396396396396,760796.5959479276
933,8.405405405405405,761762.108280028
934,8.414414414414415,760626.7607325361
935,8.423423423423424,754725.6255681561
936,8.432432432432432,752791.0435351791
937,8.441441441441441,750866.2259045042
938,8.45045045045045,749490.8513864314
939,8.45945945945946,750618.784333721
940,8.468468468468469,751752.1587648753
941,8.477477477477477,751137.7582768106
942,8.486486486486486,749733.4242376552
943,8.495495495495495,748046.6555960149
944,8.504504504504505,742038.5358642453
945,8.513513513513514,742064.2580670804
946,8.522522522522522,742553.0108673758
947,8.531531531531531,743042.3379032298
948,8.54054054054054,743524.3809240715
949,8.54954954954955,744003.2422769675
950,8.558558558558559,744202.5250324055
951,8.567567567567567,742315.8559447607
952,8.576576576576576,740438.5407404266
953,8.585585585585585,733706.7049061569
954,8.594594594594595,731869.125376632
955,8.603603603603604,732388.6110048773
956,8.612612612612612,732912.0092125298
957,8.621621621621621,733427.7554988397
958,8.63063063063063,733944.0489158903
959,8.63963963963964,734460.889794124
960,8.64864864864865,733881.3738256737
961,8.657657657657657,733295.389780939
962,8.666666666666666,727970.2895674123
963,8.675675675675675,727391.1036968303
964,8.684684684684685,726812.8336183272
965,8.693693693693694,726247.5769039862
966,8.702702702702702,725684.4603360154
967,8.711711711711711,725122.2162577313
968,8.72072072072072,724564.5016517692
969,8.72972972972973,724043.64269239
970,8.73873873873874,723523.5315537091
971,8.747747747747749,722883.5979546852
972,8.756756756756756,722101.8502370317
973,8.765765765765765,721321.7876533756
974,8.774774774774775,720537.889612727
975,8.783783783783784,719754.1535934634
976,8.792792792792794,718972.1198368033
977,8.801801801801801,718191.782805581
978,8.81081081081081,717412.8254413124
979,8.81981981981982,716635.2731704843
980,8.82882882882883,715790.0280945417
981,8.837837837837839,714805.7626043604
982,8.846846846846846,713824.1910792599
983,8.855855855855856,712830.3464114174
984,8.864864864864865,711837.2220022352
985,8.873873873873874,710846.8607554613
986,8.882882882882884,709859.251156291
987,8.891891891891891,708874.3817538061
988,8.9009009009009,707877.8308905502
989,8.90990990990991,706883.3738857643
990,8.91891891891892,705869.9174556317
991,8.927927927927929,704839.733830921
992,8.936936936936936,703808.3196793629
993,8.945945945945946,702776.2325923245
994,8.954954954954955,701747.168030803
995,8.963963963963964,700721.1127368148
996,8.972972972972974,699698.0535298012
997,8.981981981981981,698358.9249802221
998,8.99099099099099,696818.6878198361
999,9.0,692984.6262646395
