,H,Sxy
0,0.0,-3139.0208682413104
1,0.009009009009009009,-3682.1801211309266
2,0.018018018018018018,-4293.478983657001
3,0.02702702702702703,-4904.774436132537
4,0.036036036036036036,-5514.16382224572
5,0.04504504504504504,-6121.208648686039
6,0.05405405405405406,-7131.624226059938
7,0.06306306306306306,-8274.56425295789
8,0.07207207207207207,-9411.362332422756
9,0.08108108108108109,-10545.877385808431
10,0.09009009009009009,-11678.111414480232
11,0.0990990990990991,-13125.181686628088
12,0.10810810810810811,-14602.846865207057
13,0.11711711711711711,-16077.514280383108
14,0.12612612612612611,-17549.183801640054
15,0.13513513513513514,-19019.74272775589
16,0.14414414414414414,-20088.752075257402
17,0.15315315315315314,-20865.36691248731
18,0.16216216216216217,-21642.121731355794
19,0.17117117117117117,-22424.175279980827
20,0.18018018018018017,-23205.543107552818
21,0.1891891891891892,-24219.179371898594
22,0.1981981981981982,-25341.779913144735
23,0.2072072072072072,-26463.37074887472
24,0.21621621621621623,-27583.94981361574
25,0.22522522522522523,-28703.31939167758
26,0.23423423423423423,-29933.57839782879
27,0.24324324324324323,-31299.133119125276
28,0.25225225225225223,-32662.489069432024
29,0.26126126126126126,-34021.7834921055
30,0.2702702702702703,-35377.230636061846
31,0.27927927927927926,-36443.24055564678
32,0.2882882882882883,-37251.84022348329
33,0.2972972972972973,-38058.99662524391
34,0.3063063063063063,-38864.711427064874
35,0.3153153153153153,-39668.98629680196
36,0.32432432432432434,-40566.84623616555
37,0.3333333333333333,-41595.78557698626
38,0.34234234234234234,-42622.969776234466
39,0.35135135135135137,-43648.3290582316
40,0.36036036036036034,-44671.2762880442
41,0.36936936936936937,-45695.284338863465
42,0.3783783783783784,-46726.68681339553
43,0.38738738738738737,-47756.28403402364
44,0.3963963963963964,-48784.07700028102
45,0.40540540540540543,-49810.066720902054
46,0.4144144144144144,-50838.55461268616
47,0.42342342342342343,-51923.980143503686
48,0.43243243243243246,-53008.22870772836
49,0.44144144144144143,-54091.02100967807
50,0.45045045045045046,-55172.35630807005
51,0.45945945945945943,-56246.04180737756
52,0.46846846846846846,-57241.67176532811
53,0.4774774774774775,-58235.96444011052
54,0.48648648648648646,-59212.632026850064
55,0.4954954954954955,-60160.76435605632
56,0.5045045045045045,-61106.46065680015
57,0.5135135135135135,-62109.5514207918
58,0.5225225225225225,-63113.039714483886
59,0.5315315315315315,-64113.676156312475
60,0.5405405405405406,-65111.470445840896
61,0.5495495495495496,-66099.70992816349
62,0.5585585585585585,-67009.1206277107
63,0.5675675675675675,-67913.1565638741
64,0.5765765765765766,-68814.62598355966
65,0.5855855855855856,-69715.84149904706
66,0.5945945945945946,-70620.32242787744
67,0.6036036036036035,-71594.64302197644
68,0.6126126126126126,-72590.26706668238
69,0.6216216216216216,-73599.20012325824
70,0.6306306306306306,-74605.94838665007
71,0.6396396396396397,-75610.51453425991
72,0.6486486486486487,-76498.74395313185
73,0.6576576576576576,-77367.96926367292
74,0.6666666666666666,-78235.32104115614
75,0.6756756756756757,-79100.80206403304
76,0.6846846846846847,-79963.93668297693
77,0.6936936936936937,-80830.74668344179
78,0.7027027027027027,-81718.555296719
79,0.7117117117117117,-82579.54818585698
80,0.7207207207207207,-83389.09888358154
81,0.7297297297297297,-84195.33486441743
82,0.7387387387387387,-85027.34975984483
83,0.7477477477477478,-85887.26260221883
84,0.7567567567567568,-86743.65392984026
85,0.7657657657657657,-87596.53753643628
86,0.7747747747747747,-88445.9271629648
87,0.7837837837837838,-89260.22816235077
88,0.7927927927927928,-90052.19664447443
89,0.8018018018018018,-90840.76047810634
90,0.8108108108108109,-91633.54000973437
91,0.8198198198198198,-92447.72887191303
92,0.8288288288288288,-93216.08300696014
93,0.8378378378378378,-93965.64346774931
94,0.8468468468468469,-94712.56370964638
95,0.8558558558558559,-95456.8525184817
96,0.8648648648648649,-96198.5186521132
97,0.8738738738738738,-96926.3318715896
98,0.8828828828828829,-97679.10307240461
99,0.8918918918918919,-98429.1402206267
100,0.9009009009009009,-99173.8473281452
101,0.9099099099099099,-99907.98713679939
102,0.9189189189189189,-100638.8024577192
103,0.9279279279279279,-101355.36780336876
104,0.9369369369369369,-102069.15908282714
105,0.9459459459459459,-102780.18662476863
106,0.954954954954955,-103488.4607191763
107,0.963963963963964,-104192.3114903387
108,0.9729729729729729,-104888.49126702535
109,0.9819819819819819,-105582.4959820147
110,0.990990990990991,-106273.83393923141
111,1.0,-106966.17596926712
112,1.009009009009009,-107660.97151058633
113,1.018018018018018,-108391.0695081391
114,1.027027027027027,-109125.97505176323
115,1.0360360360360361,-109858.15191000588
116,1.045045045045045,-110587.60962579305
117,1.054054054054054,-111314.35770977473
118,1.063063063063063,-112008.7619710473
119,1.072072072072072,-112694.7836378619
120,1.0810810810810811,-113378.1891077499
121,1.09009009009009,-114058.98789583392
122,1.0990990990990992,-114732.96399399024
123,1.1081081081081081,-115381.86786037253
124,1.117117117117117,-116022.12027283893
125,1.1261261261261262,-116659.84479062908
126,1.135135135135135,-117295.05102830163
127,1.1441441441441442,-117927.74856278629
128,1.1531531531531531,-118535.83422382222
129,1.162162162162162,-119169.8795601137
130,1.1711711711711712,-119807.21959237731
131,1.1801801801801801,-120442.41316302892
132,1.1891891891891893,-121075.467049045
133,1.1981981981981982,-121720.10199349816
134,1.207207207207207,-122371.33391528945
135,1.2162162162162162,-123020.3708073586
136,1.2252252252252251,-123667.21955702787
137,1.2342342342342343,-124311.88703096943
138,1.2432432432432432,-124954.97892384925
139,1.2522522522522523,-125582.22639906155
140,1.2612612612612613,-126153.41284373376
141,1.2702702702702702,-126707.25275526296
142,1.2792792792792793,-127258.38031473522
143,1.2882882882882882,-127784.28918314211
144,1.2972972972972974,-128283.69612539753
145,1.3063063063063063,-128780.64060111505
146,1.3153153153153152,-129275.13442367547
147,1.3243243243243243,-129770.86433162719
148,1.3333333333333333,-130284.42847905817
149,1.3423423423423424,-130803.60955603141
150,1.3513513513513513,-131320.45172443436
151,1.3603603603603605,-131826.81711412614
152,1.3693693693693694,-132326.24649894246
153,1.3783783783783783,-132825.95288953907
154,1.3873873873873874,-133339.81201266256
155,1.3963963963963963,-133851.22993937833
156,1.4054054054054055,-134360.21788670437
157,1.4144144144144144,-134866.78701582475
158,1.4234234234234233,-135348.8482671697
159,1.4324324324324325,-135790.98943951266
160,1.4414414414414414,-136230.87916096457
161,1.4504504504504505,-136677.1786451538
162,1.4594594594594594,-137153.8861109267
163,1.4684684684684683,-137628.56261621148
164,1.4774774774774775,-138114.76903529253
165,1.4864864864864864,-138598.89383338735
166,1.4954954954954955,-139080.9588642948
167,1.5045045045045045,-139560.9725450564
168,1.5135135135135136,-140037.6406330948
169,1.5225225225225225,-140511.04093940495
170,1.5315315315315314,-140983.69503564996
171,1.5405405405405406,-141454.34906235096
172,1.5495495495495495,-141913.91833024626
173,1.5585585585585586,-142368.60953961304
174,1.5675675675675675,-142818.17774975364
175,1.5765765765765765,-143265.81596080706
176,1.5855855855855856,-143711.45618149207
177,1.5945945945945945,-144155.10694008972
178,1.6036036036036037,-144596.77672548697
179,1.6126126126126126,-145057.34967101458
180,1.6216216216216217,-145514.73372051146
181,1.6306306306306306,-145969.98513635228
182,1.6396396396396395,-146423.1134012843
183,1.6486486486486487,-146877.61165939993
184,1.6576576576576576,-147253.60333853902
185,1.6666666666666667,-147602.8890637375
186,1.6756756756756757,-147950.55267885758
187,1.6846846846846846,-148296.6012892827
188,1.6936936936936937,-148641.04196619245
189,1.7027027027027026,-149019.64644029958
190,1.7117117117117118,-149439.70156206924
191,1.7207207207207207,-149857.84351365038
192,1.7297297297297298,-150274.080557754
193,1.7387387387387387,-150684.02862105574
194,1.7477477477477477,-151059.546529098
195,1.7567567567567568,-151422.53379331666
196,1.7657657657657657,-151783.71769090727
197,1.7747747747747749,-152143.10661887767
198,1.7837837837837838,-152500.7089313285
199,1.7927927927927927,-152859.87404912314
200,1.8018018018018018,-153162.1836848296
201,1.8108108108108107,-153429.4044617465
202,1.8198198198198199,-153694.70846507288
203,1.8288288288288288,-153958.1076662023
204,1.8378378378378377,-154202.1318138032
205,1.8468468468468469,-154425.25842765791
206,1.8558558558558558,-154646.66734877083
207,1.864864864864865,-154866.36961716504
208,1.8738738738738738,-155084.3761946432
209,1.882882882882883,-155306.7803717038
210,1.8918918918918919,-155524.74861931326
211,1.9009009009009008,-155816.1838249043
212,1.90990990990991,-156129.83296597307
213,1.9189189189189189,-156441.92207670448
214,1.927927927927928,-156729.3276519166
215,1.936936936936937,-156963.0119418532
216,1.9459459459459458,-157195.23649204802
217,1.954954954954955,-157426.00920561573
218,1.9639639639639639,-157655.33793845162
219,1.972972972972973,-157882.98979822718
220,1.981981981981982,-158161.36479266544
221,1.990990990990991,-158442.84763053348
222,2.0,-158725.11858548655
223,2.009009009009009,-159036.03192930127
224,2.018018018018018,-159345.0085194307
225,2.027027027027027,-159667.81051123745
226,2.036036036036036,-159988.93606281237
227,2.045045045045045,-160308.3931483064
228,2.054054054054054,-160626.18970029615
229,2.063063063063063,-160913.5012903284
230,2.0720720720720722,-161160.27446250964
231,2.081081081081081,-161413.63614135305
232,2.09009009009009,-161648.54017563426
233,2.099099099099099,-161840.84564035563
234,2.108108108108108,-162029.65184519056
235,2.1171171171171173,-162225.38721415013
236,2.126126126126126,-162417.5964706428
237,2.135135135135135,-162608.41423804418
238,2.144144144144144,-162797.84869033346
239,2.153153153153153,-162985.90794882737
240,2.1621621621621623,-163209.6809183488
241,2.171171171171171,-163430.07210420084
242,2.18018018018018,-163649.1915884408
243,2.189189189189189,-163873.7595248986
244,2.1981981981981984,-164114.50603282556
245,2.2072072072072073,-164365.077730189
246,2.2162162162162162,-164619.478090751
247,2.225225225225225,-164872.58864216015
248,2.234234234234234,-165124.4152076165
249,2.2432432432432434,-165374.96358148317
250,2.2522522522522523,-165628.68262825988
251,2.2612612612612613,-165883.11150278192
252,2.27027027027027,-166136.21969961564
253,2.279279279279279,-166388.01329598378
254,2.2882882882882885,-166632.14178787585
255,2.2972972972972974,-166841.34170716163
256,2.3063063063063063,-167036.02736479047
257,2.315315315315315,-167229.57039154187
258,2.324324324324324,-167421.9764058119
259,2.3333333333333335,-167613.2509957029
260,2.3423423423423424,-167797.6136295561
261,2.3513513513513513,-167961.8314374091
262,2.3603603603603602,-168109.00478465023
263,2.369369369369369,-168255.1318520977
264,2.3783783783783785,-168400.21832605673
265,2.3873873873873874,-168564.9401862089
266,2.3963963963963963,-168762.4802896668
267,2.4054054054054053,-168958.86403520734
268,2.414414414414414,-169154.09709359007
269,2.4234234234234235,-169348.18510511325
270,2.4324324324324325,-169539.22977555206
271,2.4414414414414414,-169728.45738352623
272,2.4504504504504503,-169919.94213111518
273,2.4594594594594597,-170111.29926352075
274,2.4684684684684686,-170301.55072927696
275,2.4774774774774775,-170489.7385055044
276,2.4864864864864864,-170661.32921442902
277,2.4954954954954953,-170811.37465797743
278,2.5045045045045047,-170960.34335555826
279,2.5135135135135136,-171108.24119863266
280,2.5225225225225225,-171254.53355808315
281,2.5315315315315314,-171395.90134619083
282,2.5405405405405403,-171535.86002472587
283,2.5495495495495497,-171671.96677191794
284,2.5585585585585586,-171807.05366782425
285,2.5675675675675675,-171940.67148805867
286,2.5765765765765765,-172056.64697411892
287,2.5855855855855854,-172179.01314370765
288,2.5945945945945947,-172300.47159449063
289,2.6036036036036037,-172421.02717816122
290,2.6126126126126126,-172540.68471834296
291,2.6216216216216215,-172671.15760709567
292,2.6306306306306304,-172785.95367941607
293,2.6396396396396398,-172897.85397903388
294,2.6486486486486487,-172953.13562571193
295,2.6576576576576576,-173007.6337652768
296,2.6666666666666665,-173064.07221316916
297,2.6756756756756754,-173128.436302371
298,2.684684684684685,-173194.993422315
299,2.6936936936936937,-173260.75823071192
300,2.7027027027027026,-173325.73569012663
301,2.7117117117117115,-173395.4214243171
302,2.720720720720721,-173463.6713944594
303,2.72972972972973,-173531.12522775427
304,2.7387387387387387,-173626.34572776704
305,2.7477477477477477,-173765.83079980023
306,2.7567567567567566,-173904.72088943468
307,2.765765765765766,-174041.47540887006
308,2.774774774774775,-174132.23856741402
309,2.7837837837837838,-174216.34091916445
310,2.7927927927927927,-174299.65228319715
311,2.8018018018018016,-174385.8896308425
312,2.810810810810811,-174468.88768262483
313,2.81981981981982,-174551.10250691333
314,2.828828828828829,-174632.53857644394
315,2.8378378378378377,-174721.39862862468
316,2.8468468468468466,-174851.08626058637
317,2.855855855855856,-174991.34723283246
318,2.864864864864865,-175130.74872719485
319,2.873873873873874,-175269.29480313906
320,2.8828828828828827,-175406.98949930965
321,2.8918918918918917,-175536.3196125281
322,2.900900900900901,-175661.27962503672
323,2.90990990990991,-175785.44460725266
324,2.918918918918919,-175908.81832720354
325,2.9279279279279278,-176031.40453357573
326,2.9369369369369367,-176137.72323100973
327,2.945945945945946,-176208.589889988
328,2.954954954954955,-176278.85420234688
329,2.963963963963964,-176348.5192059035
330,2.972972972972973,-176417.58792217038
331,2.981981981981982,-176490.35477518148
332,2.990990990990991,-176594.68988051312
333,3.0,-176678.65156846747
334,3.009009009009009,-176746.668520494
335,3.018018018018018,-176813.99674734476
336,3.027027027027027,-176880.53544005845
337,3.036036036036036,-176957.8885879009
338,3.045045045045045,-177039.17468952687
339,3.054054054054054,-177119.7814383746
340,3.063063063063063,-177199.71235352056
341,3.0720720720720722,-177278.9709345878
342,3.081081081081081,-177356.95103603665
343,3.09009009009009,-177434.90012966035
344,3.099099099099099,-177520.79793340515
345,3.108108108108108,-177606.76707400824
346,3.1171171171171173,-177692.07083229016
347,3.126126126126126,-177802.8551385634
348,3.135135135135135,-177893.83221181316
349,3.144144144144144,-177982.3156222546
350,3.153153153153153,-178070.0758784017
351,3.1621621621621623,-178157.11674899576
352,3.171171171171171,-178213.96503007872
353,3.18018018018018,-178273.21380554818
354,3.189189189189189,-178298.35639583928
355,3.198198198198198,-178288.92761695097
356,3.2072072072072073,-178279.03972484643
357,3.2162162162162162,-178267.8239581609
358,3.225225225225225,-178253.15487843764
359,3.234234234234234,-178233.05664235586
360,3.2432432432432434,-178212.5411438186
361,3.2522522522522523,-178191.61152710847
362,3.2612612612612613,-178192.26764612077
363,3.27027027027027,-178193.62018549233
364,3.279279279279279,-178194.45379537932
365,3.2882882882882885,-178227.35300821564
366,3.2972972972972974,-178278.75850930976
367,3.3063063063063063,-178283.85190220198
368,3.315315315315315,-178282.75779695122
369,3.324324324324324,-178276.50238003832
370,3.3333333333333335,-178260.06894403207
371,3.3423423423423424,-178243.2914803852
372,3.3513513513513513,-178240.79420823432
373,3.3603603603603602,-178267.93575225904
374,3.369369369369369,-178294.54092004496
375,3.3783783783783785,-178349.3616076245
376,3.3873873873873874,-178418.79317058012
377,3.3963963963963963,-178479.66427438532
378,3.4054054054054053,-178534.42349931854
379,3.414414414414414,-178589.14161195816
380,3.4234234234234235,-178647.41832145833
381,3.4324324324324325,-178705.15991429947
382,3.4414414414414414,-178764.4019968935
383,3.4504504504504503,-178823.47943975875
384,3.4594594594594597,-178881.98064239696
385,3.4684684684684686,-178939.9480516146
386,3.4774774774774775,-178985.25583698906
387,3.4864864864864864,-179006.94272321803
388,3.4954954954954953,-179019.74230423733
389,3.5045045045045047,-179030.24426142333
390,3.5135135135135136,-179000.36804349485
391,3.5225225225225225,-178964.937794265
392,3.5315315315315314,-178933.8290846843
393,3.5405405405405403,-178938.718793057
394,3.5495495495495497,-178943.20522653786
395,3.5585585585585586,-178947.19374158877
396,3.5675675675675675,-178950.68770602773
397,3.5765765765765765,-178944.5652259382
398,3.5855855855855854,-178900.0704059421
399,3.5945945945945947,-178855.0738790668
400,3.6036036036036037,-178809.82843176302
401,3.6126126126126126,-178811.72984105322
402,3.6216216216216215,-178852.98273588938
403,3.6306306306306304,-178930.5617963516
404,3.6396396396396398,-179009.97191324318
405,3.6486486486486487,-179088.8200863859
406,3.6576576576576576,-179167.1088661704
407,3.6666666666666665,-179244.92050079582
408,3.6756756756756754,-179329.5702618486
409,3.684684684684685,-179393.2741273185
410,3.6936936936936937,-179456.19821552155
411,3.7027027027027026,-179518.62444659838
412,3.7117117117117115,-179580.55510292662
413,3.720720720720721,-179645.59587287225
414,3.72972972972973,-179687.3966050042
415,3.7387387387387387,-179717.6222432198
416,3.7477477477477477,-179719.87320465068
417,3.7567567567567566,-179721.77284895917
418,3.765765765765766,-179733.38510568909
419,3.774774774774775,-179752.02811372216
420,3.7837837837837838,-179769.11164208496
421,3.7927927927927927,-179785.7748098748
422,3.8018018018018016,-179802.01997782037
423,3.810810810810811,-179814.97827551237
424,3.81981981981982,-179825.46967077284
425,3.828828828828829,-179835.57029455996
426,3.8378378378378377,-179795.49958541247
427,3.8468468468468466,-179747.41804732668
428,3.855855855855856,-179687.77854887574
429,3.864864864864865,-179608.38306850172
430,3.873873873873874,-179513.6131350772
431,3.8828828828828827,-179418.79181287327
432,3.8918918918918917,-179323.92024159504
433,3.900900900900901,-179241.52764120934
434,3.90990990990991,-179178.98794636183
435,3.918918918918919,-179115.44628663393
436,3.9279279279279278,-179051.70752564477
437,3.9369369369369367,-179027.40013396027
438,3.945945945945946,-178988.69155286465
439,3.954954954954955,-178949.47873661868
440,3.963963963963964,-178913.33766365147
441,3.972972972972973,-178880.92323400368
442,3.981981981981982,-178848.25845931994
443,3.990990990990991,-178817.73578783395
444,4.0,-178774.7292752688
445,4.009009009009009,-178729.15679593442
446,4.018018018018018,-178683.39265104834
447,4.027027027027027,-178643.54679656908
448,4.036036036036036,-178605.49509654014
449,4.045045045045045,-178598.52900825837
450,4.054054054054054,-178595.0929899005
451,4.063063063063063,-178524.00963236787
452,4.072072072072072,-178433.02068039135
453,4.081081081081081,-178341.92900511943
454,4.09009009009009,-178261.36340215267
455,4.099099099099099,-178179.84922335547
456,4.108108108108108,-178098.1871717797
457,4.117117117117117,-178012.52727017505
458,4.126126126126126,-177919.3229289521
459,4.135135135135135,-177797.63336363083
460,4.1441441441441444,-177668.65709788076
461,4.153153153153153,-177539.7662192914
462,4.162162162162162,-177484.15502733752
463,4.171171171171171,-177437.85973817282
464,4.18018018018018,-177378.13617092525
465,4.1891891891891895,-177329.97653068625
466,4.198198198198198,-177281.64232270283
467,4.207207207207207,-177233.13490764596
468,4.216216216216216,-177208.7701585491
469,4.225225225225225,-177215.6527069526
470,4.2342342342342345,-177231.44923385218
471,4.243243243243243,-177246.86102392338
472,4.252252252252252,-177247.91909763552
473,4.261261261261261,-177241.62517080645
474,4.27027027027027,-177195.80149990667
475,4.2792792792792795,-177143.6095811839
476,4.288288288288288,-177091.27223510668
477,4.297297297297297,-177038.79063467105
478,4.306306306306306,-176984.97839824416
479,4.315315315315315,-176936.23830635854
480,4.324324324324325,-176899.3969956288
481,4.333333333333333,-176862.32457775463
482,4.342342342342342,-176825.02271950815
483,4.351351351351351,-176800.57097725844
484,4.36036036036036,-176770.60674872648
485,4.36936936936937,-176745.6323126391
486,4.378378378378378,-176720.41033269133
487,4.387387387387387,-176694.942405891
488,4.396396396396397,-176669.23011966646
489,4.405405405405405,-176643.82590772214
490,4.414414414414415,-176609.77821709795
491,4.423423423423423,-176575.51541977035
492,4.4324324324324325,-176541.03898724754
493,4.441441441441442,-176531.6021436202
494,4.45045045045045,-176537.5400320524
495,4.45945945945946,-176535.64342017577
496,4.468468468468468,-176533.4965836811
497,4.4774774774774775,-176531.09456504346
498,4.486486486486487,-176528.43867464096
499,4.495495495495495,-176532.1002180794
500,4.504504504504505,-176509.28518075086
501,4.513513513513513,-176420.91037439246
502,4.5225225225225225,-176322.41713887727
503,4.531531531531532,-176223.89755887602
504,4.54054054054054,-176115.4601364924
505,4.54954954954955,-175989.07338522107
506,4.558558558558558,-175862.20232325228
507,4.5675675675675675,-175753.69661142185
508,4.576576576576577,-175698.31903794382
509,4.585585585585585,-175643.46744353668
510,4.594594594594595,-175604.79702323314
511,4.603603603603603,-175586.8433815193
512,4.612612612612613,-175607.8734131571
513,4.621621621621622,-175628.61124971847
514,4.63063063063063,-175649.0581888217
515,4.63963963963964,-175669.05759850668
516,4.648648648648648,-175685.9816369837
517,4.657657657657658,-175702.62850196465
518,4.666666666666667,-175724.04271381124
519,4.675675675675675,-175753.06992287101
520,4.684684684684685,-175771.32653078213
521,4.693693693693693,-175788.865564968
522,4.702702702702703,-175747.44152846065
523,4.711711711711712,-175630.5307423203
524,4.7207207207207205,-175513.69969672462
525,4.72972972972973,-175430.56828024366
526,4.738738738738738,-175365.25096847996
527,4.747747747747748,-175299.7763109833
528,4.756756756756757,-175234.14587349497
529,4.7657657657657655,-175162.44133880665
530,4.774774774774775,-175052.0978421104
531,4.783783783783783,-174928.07779770385
532,4.792792792792793,-174804.15647942777
533,4.801801801801802,-174713.41123838263
534,4.8108108108108105,-174649.63862953297
535,4.81981981981982,-174586.9301813268
536,4.828828828828828,-174527.09290233403
537,4.837837837837838,-174467.14439477044
538,4.846846846846847,-174407.08567840897
539,4.8558558558558556,-174346.91776626825
540,4.864864864864865,-174292.11002489654
541,4.873873873873874,-174232.12533364384
542,4.882882882882883,-174172.02834805095
543,4.891891891891892,-174116.85082411175
544,4.900900900900901,-174071.88352446025
545,4.90990990990991,-174039.42932822555
546,4.918918918918919,-174040.39511942497
547,4.927927927927928,-174042.413099764
548,4.936936936936937,-174044.13572663537
549,4.945945945945946,-174045.56457575108
550,4.954954954954955,-174025.84109326897
551,4.963963963963964,-173943.20995767997
552,4.972972972972973,-173838.04043779479
553,4.981981981981982,-173732.93658363234
554,4.990990990990991,-173623.97859775793
555,5.0,-173497.61025297648
556,5.009009009009009,-173375.93218912324
557,5.018018018018018,-173259.66474834832
558,5.027027027027027,-173143.49683882683
559,5.036036036036036,-173027.42862021195
560,5.045045045045045,-172914.42925204406
561,5.054054054054054,-172892.22710333052
562,5.063063063063063,-172871.40412211258
563,5.072072072072072,-172850.31351965936
564,5.081081081081081,-172828.9570176133
565,5.09009009009009,-172798.37704661847
566,5.099099099099099,-172726.28047761903
567,5.108108108108108,-172643.2796991439
568,5.117117117117117,-172560.28884751524
569,5.126126126126126,-172477.30829424658
570,5.135135135135135,-172395.43197590648
571,5.1441441441441444,-172345.0279922804
572,5.153153153153153,-172312.29671915277
573,5.162162162162162,-172279.41578554123
574,5.171171171171171,-172246.3861167946
575,5.18018018018018,-172213.2086332356
576,5.1891891891891895,-172201.50900773748
577,5.198198198198198,-172188.20872149835
578,5.207207207207207,-172174.69904064888
579,5.216216216216216,-172160.98108903243
580,5.225225225225225,-172144.89541638162
581,5.2342342342342345,-172105.52053196492
582,5.243243243243243,-172063.20149155954
583,5.252252252252252,-172008.3560892515
584,5.261261261261261,-171953.4289836883
585,5.27027027027027,-171898.4208761025
586,5.2792792792792795,-171857.01064072494
587,5.288288288288288,-171816.81223504216
588,5.297297297297297,-171776.47919124045
589,5.306306306306306,-171736.01242323357
590,5.315315315315315,-171695.41283973353
591,5.324324324324325,-171662.20119202873
592,5.333333333333333,-171647.88301327845
593,5.342342342342342,-171595.82505305624
594,5.351351351351351,-171481.95080585108
595,5.36036036036036,-171368.13321470996
596,5.36936936936937,-171232.84963979071
597,5.378378378378378,-171071.29212396298
598,5.387387387387387,-170902.31588572788
599,5.396396396396397,-170733.6621709522
600,5.405405405405405,-170565.33010206578
601,5.414414414414415,-170450.74372217225
602,5.423423423423423,-170350.96593805237
603,5.4324324324324325,-170252.8610870671
604,5.441441441441442,-170112.7824996793
605,5.45045045045045,-169964.14604105602
606,5.45945945945946,-169825.29850909192
607,5.468468468468468,-169710.49205435073
608,5.4774774774774775,-169598.3327500999
609,5.486486486486487,-169486.2428220794
610,5.495495495495495,-169374.2226678328
611,5.504504504504505,-169258.9730709863
612,5.513513513513513,-169125.26558903535
613,5.5225225225225225,-168988.40690245864
614,5.531531531531532,-168851.73180280055
615,5.54054054054054,-168759.60660449733
616,5.54954954954955,-168688.85113112925
617,5.558558558558558,-168626.03088714604
618,5.5675675675675675,-168558.6640774232
619,5.576576576576577,-168491.2473456539
620,5.585585585585585,-168423.78133865588
621,5.594594594594595,-168354.51030945824
622,5.603603603603603,-168277.2362963205
623,5.612612612612613,-168198.34859290742
624,5.621621621621622,-168119.4426857399
625,5.63063063063063,-168038.09284843662
626,5.63963963963964,-167947.07497359224
627,5.648648648648648,-167847.68524910745
628,5.657657657657658,-167749.20587619935
629,5.666666666666667,-167650.78060015745
630,5.675675675675675,-167552.409696041
631,5.684684684684685,-167455.0249282126
632,5.693693693693693,-167373.6270216927
633,5.702702702702703,-167307.95900408
634,5.711711711711712,-167242.24291062684
635,5.7207207207207205,-167176.47935176402
636,5.72972972972973,-167120.98339501413
637,5.738738738738738,-167077.83514298894
638,5.747747747747748,-167035.65711254175
639,5.756756756756757,-166993.38549579988
640,5.7657657657657655,-166951.00419645503
641,5.774774774774775,-166906.01035041525
642,5.783783783783783,-166836.71307390527
643,5.792792792792793,-166759.85527435134
644,5.801801801801802,-166660.21570803042
645,5.8108108108108105,-166560.65666100843
646,5.81981981981982,-166461.17820367377
647,5.828828828828828,-166356.93508638637
648,5.837837837837838,-166249.49528977918
649,5.846846846846847,-166142.51092823438
650,5.8558558558558556,-166035.62529578237
651,5.864864864864865,-165928.83843000184
652,5.873873873873873,-165841.79921159268
653,5.882882882882883,-165772.87492177248
654,5.891891891891892,-165712.29206724156
655,5.900900900900901,-165652.972077236
656,5.90990990990991,-165593.57782002288
657,5.918918918918919,-165495.70931392105
658,5.927927927927928,-165406.27818806234
659,5.936936936936937,-165321.12472482966
660,5.945945945945946,-165236.0071013215
661,5.954954954954955,-165150.92554249062
662,5.963963963963964,-165083.27020029878
663,5.972972972972973,-165031.9118896003
664,5.981981981981982,-164960.3432433043
665,5.990990990990991,-164843.11550630763
666,6.0,-164726.0050438331
667,6.009009009009009,-164601.1221288833
668,6.018018018018018,-164442.47127595491
669,6.027027027027027,-164280.54193274124
670,6.036036036036036,-164118.91955792514
671,6.045045045045045,-163957.6033277545
672,6.054054054054054,-163795.39336192625
673,6.063063063063063,-163637.62493517538
674,6.072072072072072,-163489.7056730082
675,6.081081081081081,-163352.69772487428
676,6.09009009009009,-163268.4827645033
677,6.099099099099099,-163182.35149626248
678,6.108108108108108,-163093.1613939027
679,6.117117117117117,-162990.29986252222
680,6.126126126126126,-162887.53087999992
681,6.135135135135135,-162784.85448520473
682,6.1441441441441444,-162685.14780632048
683,6.153153153153153,-162619.70869939457
684,6.162162162162162,-162555.5046585136
685,6.171171171171171,-162491.39398039665
686,6.18018018018018,-162438.2391794996
687,6.1891891891891895,-162378.65669803592
688,6.198198198198198,-162292.09860571704
689,6.207207207207207,-162204.59166374407
690,6.216216216216216,-162116.84580909854
691,6.225225225225225,-162029.15715509924
692,6.2342342342342345,-161942.85966019623
693,6.243243243243243,-161868.50414358464
694,6.252252252252252,-161794.09448326813
695,6.261261261261261,-161719.7080972193
696,6.27027027027027,-161645.33215388388
697,6.2792792792792795,-161572.2703901994
698,6.288288288288288,-161504.94945141303
699,6.297297297297297,-161433.7549304231
700,6.306306306306306,-161361.32144041208
701,6.315315315315315,-161288.89516152127
702,6.324324324324325,-161216.476382988
703,6.333333333333333,-161143.40210384704
704,6.342342342342342,-161068.8090645159
705,6.351351351351351,-160974.80171819427
706,6.36036036036036,-160880.86397061497
707,6.36936936936937,-160786.99592316826
708,6.378378378378378,-160675.541231135
709,6.387387387387387,-160571.85362958844
710,6.396396396396396,-160471.3799780914
711,6.405405405405405,-160370.98436482123
712,6.414414414414415,-160270.66692961848
713,6.423423423423423,-160169.93440245328
714,6.4324324324324325,-160064.59231482446
715,6.441441441441442,-159937.54981221427
716,6.45045045045045,-159793.71053978056
717,6.45945945945946,-159650.11687031022
718,6.468468468468468,-159519.94565467944
719,6.4774774774774775,-159412.00746425177
720,6.486486486486487,-159306.8305124983
721,6.495495495495495,-159201.7495865147
722,6.504504504504505,-159096.76475671883
723,6.513513513513513,-158990.05119463865
724,6.5225225225225225,-158880.53128460352
725,6.531531531531532,-158765.22825075238
726,6.54054054054054,-158671.37307884122
727,6.54954954954955,-158591.2906530496
728,6.558558558558558,-158511.89832812315
729,6.5675675675675675,-158431.88130379232
730,6.576576576576577,-158354.25274066068
731,6.585585585585585,-158276.6422358915
732,6.594594594594595,-158199.05007889523
733,6.603603603603603,-158112.75690076165
734,6.612612612612613,-158018.47347628212
735,6.621621621621622,-157921.23860634235
736,6.63063063063063,-157822.72913704056
737,6.63963963963964,-157724.21780802088
738,6.648648648648648,-157628.25377680635
739,6.657657657657658,-157542.39830945447
740,6.666666666666667,-157457.05057966124
741,6.675675675675675,-157371.45723772232
742,6.684684684684685,-157285.91429775217
743,6.693693693693693,-157201.973107056
744,6.702702702702703,-157132.13634141948
745,6.711711711711712,-157059.21126942828
746,6.7207207207207205,-156984.78548234093
747,6.72972972972973,-156908.0881616351
748,6.738738738738738,-156822.65550747284
749,6.747747747747748,-156712.66357788193
750,6.756756756756757,-156602.84846355653
751,6.7657657657657655,-156492.68332173018
752,6.774774774774775,-156382.65946255022
753,6.783783783783783,-156272.77666219953
754,6.792792792792793,-156197.4407845408
755,6.801801801801802,-156126.45921513982
756,6.8108108108108105,-156055.5288234982
757,6.81981981981982,-155984.59466807096
758,6.828828828828828,-155918.50330029125
759,6.837837837837838,-155837.5891769042
760,6.846846846846847,-155760.65539584815
761,6.8558558558558556,-155653.05593563875
762,6.864864864864865,-155527.2458279425
763,6.873873873873873,-155401.62002676763
764,6.882882882882883,-155261.7907948503
765,6.891891891891892,-155116.46440799139
766,6.900900900900901,-154965.24780926295
767,6.90990990990991,-154814.3244021338
768,6.918918918918919,-154665.02757383656
769,6.927927927927928,-154611.9998732574
770,6.936936936936937,-154573.44795171006
771,6.945945945945946,-154538.16923829025
772,6.954954954954955,-154502.82583818867
773,6.963963963963964,-154467.41814910402
774,6.972972972972973,-154441.65811865818
775,6.981981981981982,-154425.9075472105
776,6.990990990990991,-154405.38409897248
777,7.0,-154286.58035448505
778,7.009009009009009,-154167.93119440458
779,7.018018018018018,-154023.66569519066
780,7.027027027027027,-153869.84946745334
781,7.036036036036036,-153715.86234046574
782,7.045045045045045,-153562.1320158948
783,7.054054054054054,-153408.70738257127
784,7.063063063063063,-153268.2357695086
785,7.072072072072072,-153140.04033908667
786,7.081081081081081,-153008.08422820264
787,7.09009009009009,-152885.4358962983
788,7.099099099099099,-152804.5177652594
789,7.108108108108108,-152713.4864851024
790,7.117117117117117,-152606.82936183162
791,7.126126126126126,-152499.3833037295
792,7.135135135135135,-152392.17882583104
793,7.1441441441441444,-152285.11271663907
794,7.153153153153153,-152180.69801596654
795,7.162162162162162,-152100.4909580089
796,7.171171171171171,-152022.2366422245
797,7.18018018018018,-151944.8672397178
798,7.1891891891891895,-151882.94396478814
799,7.198198198198198,-151820.18708404346
800,7.207207207207207,-151737.11951703462
801,7.216216216216216,-151654.09965968446
802,7.225225225225225,-151570.99911825245
803,7.2342342342342345,-151487.96549744697
804,7.243243243243243,-151404.9988063653
805,7.252252252252252,-151349.06694331713
806,7.261261261261261,-151290.98438139353
807,7.27027027027027,-151226.36131900555
808,7.2792792792792795,-151155.0775947157
809,7.288288288288288,-151035.2952057758
810,7.297297297297297,-150892.70788867184
811,7.306306306306306,-150757.0687611612
812,7.315315315315315,-150623.30336540987
813,7.324324324324325,-150489.76994684583
814,7.333333333333333,-150356.46792060745
815,7.342342342342342,-150236.36395763684
816,7.351351351351351,-150116.36840195602
817,7.36036036036036,-149994.9830439989
818,7.36936936936937,-149873.78071127788
819,7.378378378378378,-149777.23224822295
820,7.387387387387387,-149691.0772748288
821,7.396396396396396,-149607.37779990517
822,7.405405405405405,-149536.06447635114
823,7.414414414414415,-149468.48244433882
824,7.423423423423423,-149400.91027173144
825,7.4324324324324325,-149317.61854063623
826,7.441441441441442,-149233.39170710635
827,7.45045045045045,-149138.39395556666
828,7.45945945945946,-149039.83388892096
829,7.468468468468468,-148941.39336004126
830,7.4774774774774775,-148846.51596403593
831,7.486486486486487,-148753.79896703252
832,7.495495495495495,-148660.7110278792
833,7.504504504504505,-148574.51816900473
834,7.513513513513513,-148490.81957396018
835,7.5225225225225225,-148406.91139640042
836,7.531531531531532,-148322.81649509765
837,7.54054054054054,-148246.33447945712
838,7.54954954954955,-148170.33712074358
839,7.558558558558558,-148094.38382083454
840,7.5675675675675675,-148027.47064079432
841,7.576576576576577,-147984.4572729583
842,7.585585585585585,-147943.52560005436
843,7.594594594594595,-147903.01349345932
844,7.603603603603603,-147845.67369414863
845,7.612612612612613,-147778.753727072
846,7.621621621621622,-147703.79713063576
847,7.63063063063063,-147627.36145386557
848,7.63963963963964,-147549.3283769842
849,7.648648648648648,-147471.35107289863
850,7.657657657657658,-147396.96113522
851,7.666666666666667,-147323.33056761825
852,7.675675675675675,-147217.85712091668
853,7.684684684684685,-147108.86146226298
854,7.693693693693693,-146982.25401258474
855,7.702702702702703,-146822.87679787326
856,7.711711711711712,-146659.43783036747
857,7.7207207207207205,-146495.34546820124
858,7.72972972972973,-146330.44521670882
859,7.738738738738738,-146165.91542548363
860,7.747747747747748,-146003.6376699227
861,7.756756756756757,-145848.40069946903
862,7.7657657657657655,-145741.78066479828
863,7.774774774774775,-145640.02415535474
864,7.783783783783783,-145538.3958412241
865,7.792792792792793,-145438.93865259187
866,7.801801801801802,-145351.69670775204
867,7.8108108108108105,-145265.06862658533
868,7.81981981981982,-145180.37249125348
869,7.828828828828828,-145106.79937447657
870,7.837837837837838,-145043.83110854027
871,7.846846846846847,-144956.48872884494
872,7.8558558558558556,-144871.1983355656
873,7.864864864864865,-144789.5900136507
874,7.873873873873873,-144708.0019411631
875,7.882882882882883,-144626.49245319545
876,7.891891891891892,-144558.64176078842
877,7.900900900900901,-144496.1720423248
878,7.90990990990991,-144434.30131487767
879,7.918918918918918,-144372.46040520023
880,7.927927927927928,-144294.6948974678
881,7.936936936936937,-144209.65930920656
882,7.945945945945946,-144129.98533011402
883,7.954954954954955,-144040.70513770788
884,7.963963963963964,-143949.92030841857
885,7.972972972972973,-143859.22942413285
886,7.981981981981982,-143753.61170119824
887,7.990990990990991,-143642.84205245873
888,8.0,-143543.6869277505
889,8.00900900900901,-143445.16162336327
890,8.018018018018019,-143346.7596847227
891,8.027027027027026,-143202.66393928498
892,8.036036036036036,-143057.03848043148
893,8.045045045045045,-142909.5862142238
894,8.054054054054054,-142759.1305896258
895,8.063063063063064,-142608.2727282151
896,8.072072072072071,-142456.77400802835
897,8.08108108108108,-142304.78068386123
898,8.09009009009009,-142153.96974098592
899,8.0990990990991,-142004.34241730787
900,8.108108108108109,-141855.02933059892
901,8.117117117117116,-141706.5715396076
902,8.126126126126126,-141606.1366347408
903,8.135135135135135,-141504.1352994929
904,8.144144144144144,-141398.93738528373
905,8.153153153153154,-141291.38989103533
906,8.162162162162161,-141182.74637531798
907,8.17117117117117,-141071.82926008306
908,8.18018018018018,-140960.6312998325
909,8.18918918918919,-140848.3056602687
910,8.198198198198199,-140736.1544194295
911,8.207207207207206,-140627.22838587424
912,8.216216216216216,-140543.02915582413
913,8.225225225225225,-140471.1972380158
914,8.234234234234235,-140406.01831817607
915,8.243243243243244,-140323.29919286104
916,8.252252252252251,-140203.7970187872
917,8.26126126126126,-140073.55781156773
918,8.27027027027027,-139943.41945390188
919,8.27927927927928,-139804.31689919144
920,8.288288288288289,-139665.49060027735
921,8.297297297297296,-139527.3650646193
922,8.306306306306306,-139401.8173478909
923,8.315315315315315,-139204.9690352992
924,8.324324324324325,-139004.66984983563
925,8.333333333333334,-138805.19070815726
926,8.342342342342342,-138617.58870482346
927,8.35135135135135,-138474.8967105886
928,8.36036036036036,-138333.0225654781
929,8.36936936936937,-138188.49397691095
930,8.378378378378379,-138043.41880506848
931,8.387387387387387,-137897.81662390174
932,8.396396396396396,-137739.09858739408
933,8.405405405405405,-137565.98796456953
934,8.414414414414415,-137357.2806441086
935,8.423423423423424,-137149.479066528
936,8.432432432432432,-136942.28849813112
937,8.441441441441441,-136740.4559705622
938,8.45045045045045,-136540.2541842965
939,8.45945945945946,-136343.30370077008
940,8.468468468468469,-136149.2312708775
941,8.477477477477477,-135955.7018614097
942,8.486486486486486,-135765.6175761713
943,8.495495495495495,-135576.54399242936
944,8.504504504504505,-135430.71518848444
945,8.513513513513514,-135349.88172057952
946,8.522522522522522,-135269.13167065682
947,8.531531531531531,-135196.0788978523
948,8.54054054054054,-135144.29713190167
949,8.54954954954955,-135095.6054501216
950,8.558558558558559,-135049.7532960411
951,8.567567567567567,-135003.897256125
952,8.576576576576576,-134947.14449059256
953,8.585585585585585,-134884.81608147625
954,8.594594594594595,-134819.7603666709
955,8.603603603603604,-134713.59420486316
956,8.612612612612612,-134606.05846127734
957,8.621621621621621,-134507.88421054307
958,8.63063063063063,-134427.88920909807
959,8.63963963963964,-134350.1509708102
960,8.64864864864865,-134274.6598263629
961,8.657657657657657,-134199.2330945258
962,8.666666666666666,-134120.79905127888
963,8.675675675675675,-134038.83352788494
964,8.684684684684685,-133956.95502478923
965,8.693693693693694,-133874.53020477318
966,8.702702702702702,-133800.37037554663
967,8.711711711711711,-133727.38431979512
968,8.72072072072072,-133656.41290416615
969,8.72972972972973,-133585.60890010165
970,8.73873873873874,-133517.67217052932
971,8.747747747747749,-133449.78214276716
972,8.756756756756756,-133380.56956596114
973,8.765765765765765,-133307.5770618456
974,8.774774774774775,-133234.6482175391
975,8.783783783783784,-133157.98543607825
976,8.792792792792794,-133079.78641747907
977,8.801801801801801,-133010.79882843423
978,8.81081081081081,-133030.02036581628
979,8.81981981981982,-133049.15924489373
980,8.82882882882883,-133069.96876966994
981,8.837837837837839,-133091.1380530403
982,8.846846846846846,-133112.08549283014
983,8.855855855855856,-133130.9738230806
984,8.864864864864865,-133149.78027343543
985,8.873873873873874,-133166.74600977005
986,8.882882882882884,-133182.78661586033
987,8.891891891891891,-133179.20715725434
988,8.9009009009009,-133150.56410193906
989,8.90990990990991,-133121.85077838175
990,8.91891891891892,-133092.61787298118
991,8.927927927927929,-133062.95472472327
992,8.936936936936936,-133033.26988870362
993,8.945945945945946,-132958.01013528273
994,8.954954954954955,-132876.35915827594
995,8.963963963963964,-132767.9259670327
996,8.972972972972974,-132645.08179642333
997,8.981981981981981,-132514.6811121428
998,8.99099099099099,-132153.63103603234
999,9.0,-131763.36776650252
