,H,Sxx
0,0.0,14439948.396595268
1,0.009009009009009009,14439950.359787127
2,0.018018018018018018,14439694.33296835
3,0.02702702702702703,14438300.85153557
4,0.036036036036036036,14431889.942992743
5,0.04504504504504504,14218694.5451375
6,0.05405405405405406,13859102.659100262
7,0.06306306306306306,13481574.996144552
8,0.07207207207207207,13123557.131845329
9,0.08108108108108109,12783613.3367705
10,0.09009009009009009,12462558.618427796
11,0.0990990990990991,12157719.343021004
12,0.10810810810810811,11866663.200938024
13,0.11711711711711711,11574001.941679245
14,0.12612612612612611,11261010.577144822
15,0.13513513513513514,10941337.733345192
16,0.14414414414414414,10639950.478122225
17,0.15315315315315314,10354136.550477324
18,0.16216216216216217,10083249.058650713
19,0.17117117117117117,9826173.663123555
20,0.18018018018018017,9582778.065559834
21,0.1891891891891892,9351713.809964584
22,0.1981981981981982,9123279.97804617
23,0.2072072072072072,8875430.521231653
24,0.21621621621621623,8634101.080855789
25,0.22522522522522523,8405896.034344852
26,0.23423423423423423,8189728.861424053
27,0.24324324324324323,7984148.039662741
28,0.25225225225225223,7788518.949699401
29,0.26126126126126126,7602176.594546213
30,0.2702702702702703,7424627.725105101
31,0.27927927927927926,7255295.8381527895
32,0.2882882882882883,7079532.357910735
33,0.2972972972972973,6894130.217941892
34,0.3063063063063063,6718073.709260331
35,0.3153153153153153,6550687.124442659
36,0.32432432432432434,6391286.022060167
37,0.3333333333333333,6239271.960041226
38,0.34234234234234234,6094161.208464165
39,0.35135135135135137,5955503.264721269
40,0.36036036036036034,5822838.726397977
41,0.36936936936936937,5692073.031491038
42,0.3783783783783784,5558820.227040732
43,0.38738738738738737,5425927.8727203
44,0.3963963963963964,5299050.334415018
45,0.40540540540540543,5177775.932800913
46,0.4144144144144144,5061694.015772142
47,0.42342342342342343,4950570.253204727
48,0.43243243243243246,4844265.395890265
49,0.44144144144144143,4742332.085957264
50,0.45045045045045046,4644511.957192549
51,0.45945945945945943,4546426.617906243
52,0.46846846846846846,4444845.610130522
53,0.4774774774774775,4346257.342233518
54,0.48648648648648646,4251792.044353759
55,0.4954954954954955,4161205.877136225
56,0.5045045045045045,4074270.2816529516
57,0.5135135135135135,3990767.584693523
58,0.5225225225225225,3910425.14839761
59,0.5315315315315315,3833152.9659544
60,0.5405405405405406,3758147.8506431025
61,0.5495495495495496,3677023.9001375926
62,0.5585585585585585,3597480.663636149
63,0.5675675675675675,3521149.43540606
64,0.5765765765765766,3447872.2306207856
65,0.5855855855855856,3377476.260967893
66,0.5945945945945946,3309622.825361131
67,0.6036036036036035,3244308.797071729
68,0.6126126126126126,3181461.029115227
69,0.6216216216216216,3121017.874930196
70,0.6306306306306306,3055945.4875623756
71,0.6396396396396397,2985652.6950354315
72,0.6486486486486487,2918334.982699673
73,0.6576576576576576,2853694.7673055874
74,0.6666666666666666,2791736.1026871055
75,0.6756756756756757,2732357.640038644
76,0.6846846846846847,2674688.992837774
77,0.6936936936936937,2626445.6800165316
78,0.7027027027027027,2580876.682583736
79,0.7117117117117117,2536100.650987643
80,0.7207207207207207,2492701.1437409553
81,0.7297297297297297,2451739.200063872
82,0.7387387387387387,2412111.3159389035
83,0.7477477477477478,2373552.7236212655
84,0.7567567567567568,2336134.3552131113
85,0.7657657657657657,2299845.975592265
86,0.7747747747747747,2264190.2378613935
87,0.7837837837837838,2226736.9335227585
88,0.7927927927927928,2188703.4548853333
89,0.8018018018018018,2148537.731814449
90,0.8108108108108109,2109772.6146976463
91,0.8198198198198198,2072325.2083259416
92,0.8288288288288288,2036114.754279832
93,0.8378378378378378,2001116.9410865305
94,0.8468468468468469,1967278.5990760273
95,0.8558558558558559,1935630.390394324
96,0.8648648648648649,1905502.402478603
97,0.8738738738738738,1875384.633741671
98,0.8828828828828829,1846078.97696646
99,0.8918918918918919,1817545.1286239368
100,0.9009009009009009,1789844.4640435001
101,0.9099099099099099,1762940.3344899726
102,0.9189189189189189,1736783.3534409902
103,0.9279279279279279,1711360.5104349742
104,0.9369369369369369,1686734.6897627779
105,0.9459459459459459,1663345.810212618
106,0.954954954954955,1640524.1314129434
107,0.963963963963964,1617711.294344544
108,0.9729729729729729,1595281.7237217464
109,0.9819819819819819,1573323.2227675114
110,0.990990990990991,1551921.2961316365
111,1.0,1531056.5078267178
112,1.009009009009009,1510716.549295873
113,1.018018018018018,1490877.8299732949
114,1.027027027027027,1471187.7927768908
115,1.0360360360360361,1451207.6806419292
116,1.045045045045045,1431738.9798373731
117,1.054054054054054,1412575.060729362
118,1.063063063063063,1393837.7170827738
119,1.072072072072072,1375464.0436144858
120,1.0810810810810811,1357543.3155266456
121,1.09009009009009,1340059.8623092484
122,1.0990990990990992,1322896.9771634769
123,1.1081081081081081,1306099.6446532381
124,1.117117117117117,1289284.5053807646
125,1.1261261261261262,1272836.28332545
126,1.135135135135135,1256782.5469222507
127,1.1441441441441442,1240979.0800061314
128,1.1531531531531531,1225456.8578528357
129,1.162162162162162,1210265.0486845719
130,1.1711711711711712,1195419.3378734603
131,1.1801801801801801,1180914.4313711338
132,1.1891891891891893,1166573.427064284
133,1.1981981981981982,1152265.8680128204
134,1.207207207207207,1138088.3376516923
135,1.2162162162162162,1124229.0878360774
136,1.2252252252252251,1110682.6817005216
137,1.2342342342342343,1097578.5504457303
138,1.2432432432432432,1084854.7499718685
139,1.2522522522522523,1072380.717284143
140,1.2612612612612613,1060137.1433074551
141,1.2702702702702702,1048156.391881923
142,1.2792792792792793,1036267.1324092522
143,1.2882882882882882,1024217.7989140314
144,1.2972972972972974,1012407.467780877
145,1.3063063063063063,1000832.971052896
146,1.3153153153153152,989506.5650297229
147,1.3243243243243243,978351.9576685537
148,1.3333333333333333,967115.5481719307
149,1.3423423423423424,956075.2520402401
150,1.3513513513513513,945210.7095299257
151,1.3603603603603605,934573.120799187
152,1.3693693693693694,922862.9456628662
153,1.3783783783783783,911606.612251629
154,1.3873873873873874,900604.1712543174
155,1.3963963963963963,889833.8089127208
156,1.4054054054054055,879312.5321721768
157,1.4144144144144144,868963.8926231624
158,1.4234234234234233,858581.0827540118
159,1.4324324324324325,849493.4051002391
160,1.4414414414414414,840552.1169545434
161,1.4504504504504505,831775.4424413996
162,1.4594594594594594,823170.1157083255
163,1.4684684684684683,814868.5495585451
164,1.4774774774774775,806682.9555576994
165,1.4864864864864864,798569.0321846571
166,1.4954954954954955,790606.6420497729
167,1.5045045045045045,782791.8331343343
168,1.5135135135135136,771154.3685793062
169,1.5225225225225225,759633.3906592194
170,1.5315315315315314,748915.3016705157
171,1.5405405405405406,738702.8950921263
172,1.5495495495495495,728715.4150664479
173,1.5585585585585586,720450.6456368376
174,1.5675675675675675,714156.814295285
175,1.5765765765765765,707854.4775314907
176,1.5855855855855856,701648.485934323
177,1.5945945945945945,695586.0907159188
178,1.6036036036036037,689647.6955756288
179,1.6126126126126126,683809.4077984175
180,1.6216216216216217,678011.6277668317
181,1.6306306306306306,672296.0259152213
182,1.6396396396396395,666675.4144782411
183,1.6486486486486487,661147.4579962064
184,1.6576576576576576,655709.8965477637
185,1.6666666666666667,650408.2443502708
186,1.6756756756756757,645245.3438629293
187,1.6846846846846846,640290.5158598193
188,1.6936936936936937,635436.0941357856
189,1.7027027027027026,630654.1582105064
190,1.7117117117117118,625117.6924350066
191,1.7207207207207207,619154.0025146613
192,1.7297297297297298,613291.7506617281
193,1.7387387387387387,607528.6271270331
194,1.7477477477477477,601862.3831696574
195,1.7567567567567568,596354.3760700673
196,1.7657657657657657,591002.0337659038
197,1.7747747747747749,585799.0638558051
198,1.7837837837837838,580678.0429114752
199,1.7927927927927927,575637.2346967614
200,1.8018018018018018,570996.4886720454
201,1.8108108108108107,566517.7043122773
202,1.8198198198198199,562104.7829101314
203,1.8288288288288288,557756.3560384442
204,1.8378378378378377,553471.0909347347
205,1.8468468468468469,549063.1480825585
206,1.8558558558558558,544295.9599208039
207,1.864864864864865,539604.4220261273
208,1.8738738738738738,534989.2953121146
209,1.882882882882883,530448.807768828
210,1.8918918918918919,525794.2619605436
211,1.9009009009009008,520834.93062074017
212,1.90990990990991,515959.6831532333
213,1.9189189189189189,511166.5878966818
214,1.927927927927928,506453.7658544605
215,1.936936936936937,502121.1271936888
216,1.9459459459459458,497998.916268995
217,1.954954954954955,493937.07524821436
218,1.9639639639639639,489934.4156308701
219,1.972972972972973,485989.7763360083
220,1.981981981981982,482135.3064010571
221,1.990990990990991,478518.95505992754
222,2.0,474955.22814180265
223,2.009009009009009,471440.47510142147
224,2.018018018018018,467936.3554695464
225,2.027027027027027,464455.5322386408
226,2.036036036036036,461023.08621332934
227,2.045045045045045,457638.909159721
228,2.054054054054054,454302.0277252087
229,2.063063063063063,451011.49361243815
230,2.0720720720720722,447709.06022886146
231,2.081081081081081,444209.6789506592
232,2.09009009009009,440745.4087066516
233,2.099099099099099,437368.6220471053
234,2.108108108108108,434132.0350020011
235,2.1171171171171173,430943.1428235009
236,2.126126126126126,427395.5732634547
237,2.135135135135135,423867.91386105935
238,2.144144144144144,420388.39910262567
239,2.153153153153153,416956.2218907477
240,2.1621621621621623,413487.1144049208
241,2.171171171171171,410056.30163349316
242,2.18018018018018,406652.45834662433
243,2.189189189189189,403299.138269499
244,2.1981981981981984,399992.5292793039
245,2.2072072072072073,396734.05172552925
246,2.2162162162162162,393773.04024868715
247,2.225225225225225,390907.06948743225
248,2.234234234234234,388080.12477916875
249,2.2432432432432434,385263.57989879226
250,2.2522522522522523,382430.23033048847
251,2.2612612612612613,379863.755996117
252,2.27027027027027,377424.0180390195
253,2.279279279279279,375000.72171741445
254,2.2882882882882885,372564.7305149715
255,2.2972972972972974,370160.0723070033
256,2.3063063063063063,367777.32878314616
257,2.315315315315315,365451.11065348925
258,2.324324324324324,363154.0554393278
259,2.3333333333333335,360868.7806264879
260,2.3423423423423424,358580.89344872127
261,2.3513513513513513,356101.82279176055
262,2.3603603603603602,353461.25143790856
263,2.369369369369369,350858.582497705
264,2.3783783783783785,348293.02358289546
265,2.3873873873873874,345763.8037926923
266,2.3963963963963963,343074.77383176266
267,2.4054054054054053,340222.5168692887
268,2.414414414414414,337437.1959686857
269,2.4234234234234235,334733.5361800699
270,2.4324324324324325,332154.0307247471
271,2.4414414414414414,329567.73182927055
272,2.4504504504504503,326821.3828962177
273,2.4594594594594597,324113.01598748734
274,2.4684684684684686,321441.97647404356
275,2.4774774774774775,318807.6211836975
276,2.4864864864864864,316400.2392558377
277,2.4954954954954953,314181.505894533
278,2.5045045045045047,312030.0918759996
279,2.5135135135135136,309935.30158936343
280,2.5225225225225225,307847.54714354145
281,2.5315315315315314,305808.94449154305
282,2.5405405405405403,304021.81817542523
283,2.5495495495495497,302254.3889159188
284,2.5585585585585586,300505.60524291283
285,2.5675675675675675,298775.1963151286
286,2.5765765765765765,297077.6793789378
287,2.5855855855855854,295606.1019627535
288,2.5945945945945947,294179.3404958921
289,2.6036036036036037,292740.7274724702
290,2.6126126126126126,291311.7857743645
291,2.6216216216216215,289896.5326896493
292,2.6306306306306304,288540.8493034237
293,2.6396396396396398,287200.16913298797
294,2.6486486486486487,285871.6469641982
295,2.6576576576576576,284555.1210041486
296,2.6666666666666665,283250.4322729448
297,2.6756756756756754,281873.5765467366
298,2.684684684684685,280506.27260110166
299,2.6936936936936937,279164.1258213061
300,2.7027027027027026,277834.6732381515
301,2.7117117117117115,276517.736733919
302,2.720720720720721,274938.0933624034
303,2.72972972972973,273283.63294764794
304,2.7387387387387387,271647.7582000195
305,2.7477477477477477,270030.17405243707
306,2.7567567567567566,268406.49611176294
307,2.765765765765766,266421.552189235
308,2.774774774774775,264335.89021022274
309,2.7837837837837838,262295.3800040723
310,2.7927927927927927,260283.27937482894
311,2.8018018018018016,258299.04596566767
312,2.810810810810811,256258.47098973958
313,2.81981981981982,254159.92451928294
314,2.828828828828829,252091.57742933856
315,2.8378378378378377,250054.693321519
316,2.8468468468468466,248093.2957792395
317,2.855855855855856,246167.38189950716
318,2.864864864864865,244282.31807943067
319,2.873873873873874,242420.815952136
320,2.8828828828828827,240582.5117073094
321,2.8918918918918917,238767.04719175593
322,2.900900900900901,237116.1079308327
323,2.90990990990991,235615.33004923095
324,2.918918918918919,234131.18801397033
325,2.9279279279279278,232618.16665227714
326,2.9369369369369367,231097.9598552321
327,2.945945945945946,229614.64617109566
328,2.954954954954955,228424.24322272526
329,2.963963963963964,227243.9529453504
330,2.972972972972973,226073.66846929066
331,2.981981981981982,224913.28408255574
332,2.990990990990991,223808.319543223
333,3.0,222871.55624977662
334,3.009009009009009,221941.7271902749
335,3.018018018018018,221018.763081006
336,3.027027027027027,220082.9308311748
337,3.036036036036036,219164.29402871372
338,3.045045045045045,218401.45550935352
339,3.054054054054054,217643.87513026872
340,3.063063063063063,216891.49902766015
341,3.0720720720720722,216144.27406700142
342,3.081081081081081,215423.65893275465
343,3.09009009009009,214843.3817127025
344,3.099099099099099,214271.42221474898
345,3.108108108108108,213703.1888749184
346,3.1171171171171173,213137.94544610134
347,3.126126126126126,212575.6685298361
348,3.135135135135135,211946.4447339242
349,3.144144144144144,211312.7323094269
350,3.153153153153153,210682.79429190516
351,3.1621621621621623,210056.59709357168
352,3.171171171171171,209440.90632665483
353,3.18018018018018,208632.36966340535
354,3.189189189189189,207747.05257807777
355,3.198198198198198,206869.16181525888
356,3.2072072072072073,205998.60494696713
357,3.2162162162162162,205135.29106332574
358,3.225225225225225,200466.5447816334
359,3.234234234234234,199434.68875750038
360,3.2432432432432434,198412.91545694353
361,3.2522522522522523,197405.9263062293
362,3.2612612612612613,196423.64128533623
363,3.27027027027027,195368.62103085677
364,3.279279279279279,194242.54120418854
365,3.2882882882882885,193128.90931976723
366,3.2972972972972974,192027.52623535786
367,3.3063063063063063,190938.19692140908
368,3.315315315315315,189853.05122855786
369,3.324324324324324,188591.70913329776
370,3.3333333333333335,187345.77523750596
371,3.3423423423423424,186125.18751044315
372,3.3513513513513513,184921.53637599087
373,3.3603603603603602,183725.33213518176
374,3.369369369369369,182517.77985437508
375,3.3783783783783785,181088.46250970324
376,3.3873873873873874,179677.61459245728
377,3.3963963963963963,178284.93390782853
378,3.4054054054054053,176917.66060946367
379,3.414414414414414,175588.44232538933
380,3.4234234234234235,174365.08532765802
381,3.4324324324324325,173159.08887904396
382,3.4414414414414414,171974.8348914698
383,3.4504504504504503,170815.75760375115
384,3.4594594594594597,169729.75076601986
385,3.4684684684684686,168723.41633818962
386,3.4774774774774775,167739.72305701656
387,3.4864864864864864,166766.0429694291
388,3.4954954954954953,165806.28107820597
389,3.5045045045045047,164939.93212243146
390,3.5135135135135136,164121.7500582337
391,3.5225225225225225,163325.81952412313
392,3.5315315315315314,162539.00818774267
393,3.5405405405405403,161759.06835861973
394,3.5495495495495497,161014.79258831014
395,3.5585585585585586,160311.4582316906
396,3.5675675675675675,159626.47280136828
397,3.5765765765765765,158946.95487956112
398,3.5855855855855854,158272.84254196548
399,3.5945945945945947,157636.0280408828
400,3.6036036036036037,157024.54039013022
401,3.6126126126126126,156433.50395457778
402,3.6216216216216215,155846.55364834724
403,3.6306306306306304,155263.64991188582
404,3.6396396396396398,154702.00342300482
405,3.6486486486486487,154202.1523621676
406,3.6576576576576576,153732.06443624885
407,3.6666666666666665,153264.7392260352
408,3.6756756756756754,152806.05734051275
409,3.684684684684685,152373.58401131042
410,3.6936936936936937,152045.54656962104
411,3.7027027027027026,151743.28459906415
412,3.7117117117117115,151442.16613332168
413,3.720720720720721,151142.1849422992
414,3.72972972972973,150856.12632983466
415,3.7387387387387387,150627.4370890454
416,3.7477477477477477,150425.25866275508
417,3.7567567567567566,150223.7099608239
418,3.765765765765766,150023.1201944192
419,3.774774774774775,149840.2300900849
420,3.7837837837837838,149690.04178847073
421,3.7927927927927927,149548.54865678438
422,3.8018018018018016,149407.31344059354
423,3.810810810810811,149266.33546945735
424,3.81981981981982,149130.23304800034
425,3.828828828828829,148996.40074795543
426,3.8378378378378377,148831.80194267546
427,3.8468468468468466,148663.53485669094
428,3.855855855855856,148495.4379545583
429,3.864864864864865,148324.42785327474
430,3.873873873873874,148120.4330971524
431,3.8828828828828827,147821.75735282633
432,3.8918918918918917,147524.28041059282
433,3.900900900900901,147227.99508869104
434,3.90990990990991,146929.3527511753
435,3.918918918918919,146548.2897329134
436,3.9279279279279278,146005.8157071839
437,3.9369369369369367,145464.3722460102
438,3.945945945945946,144926.92480356537
439,3.954954954954955,144393.42936098517
440,3.963963963963964,143726.05855136967
441,3.972972972972973,142910.2065052505
442,3.981981981981982,142095.28724942284
443,3.990990990990991,141289.09431447805
444,4.0,140486.73993037126
445,4.009009009009009,139569.9687187327
446,4.018018018018018,138596.67523852157
447,4.027027027027027,137624.03055949172
448,4.036036036036036,136663.5484776392
449,4.045045045045045,135715.02100051803
450,4.054054054054054,134706.86474120678
451,4.063063063063063,133683.1173556116
452,4.072072072072072,132664.86852684413
453,4.081081081081081,131660.00899358917
454,4.09009009009009,130667.9077029401
455,4.099099099099099,129693.36225513199
456,4.108108108108108,128771.59122210085
457,4.117117117117117,127867.27242789457
458,4.126126126126126,126974.129400283
459,4.135135135135135,126091.9749395734
460,4.1441441441441444,125214.12440859666
461,4.153153153153153,124361.76591959545
462,4.162162162162162,123526.1429061292
463,4.171171171171171,122700.498973283
464,4.18018018018018,121884.6775422081
465,4.1891891891891895,121100.28995107043
466,4.198198198198198,120315.83716005916
467,4.207207207207207,119511.33945972526
468,4.216216216216216,118716.33827298021
469,4.225225225225225,117930.68109872314
470,4.2342342342342345,117160.90633390997
471,4.243243243243243,116428.2473345459
472,4.252252252252252,115720.2023206817
473,4.261261261261261,115020.32671204531
474,4.27027027027027,114327.70499039344
475,4.2792792792792795,113643.43393606858
476,4.288288288288288,112968.25636732225
477,4.297297297297297,112297.6009058913
478,4.306306306306306,111634.10073412285
479,4.315315315315315,110977.65045894147
480,4.324324324324325,110329.30688565344
481,4.333333333333333,109695.35751889099
482,4.342342342342342,109096.53313378991
483,4.351351351351351,108504.76403607403
484,4.36036036036036,107921.56297481986
485,4.36936936936937,107346.52651570267
486,4.378378378378378,106789.3988386415
487,4.387387387387387,106267.40243965227
488,4.396396396396397,105750.29093268463
489,4.405405405405405,105237.99815305782
490,4.414414414414415,104727.42835803048
491,4.423423423423423,104245.49017843406
492,4.4324324324324325,103828.46688173476
493,4.441441441441442,103414.79777506378
494,4.45045045045045,103004.08145053861
495,4.45945945945946,102596.28885236658
496,4.468468468468468,102234.08220135396
497,4.4774774774774775,101928.07663951934
498,4.486486486486487,101623.82113144126
499,4.495495495495495,101316.99684163359
500,4.504504504504505,101007.50165901062
501,4.513513513513513,100743.063290112
502,4.5225225225225225,100532.15053684298
503,4.531531531531532,100324.02587784968
504,4.54054054054054,100116.75308449214
505,4.54954954954955,99910.32698040552
506,4.558558558558558,99723.24853170443
507,4.5675675675675675,99580.19827917007
508,4.576576576576577,99442.47696114662
509,4.585585585585585,99305.25745360483
510,4.594594594594595,99166.5516375832
511,4.603603603603603,99045.21090819639
512,4.612612612612613,98934.64744381612
513,4.621621621621622,98824.58248056057
514,4.63063063063063,98714.73703181297
515,4.63963963963964,98605.11057349165
516,4.648648648648648,98509.63943584732
517,4.657657657657658,98414.03448746678
518,4.666666666666667,98313.69450651243
519,4.675675675675675,98208.1281481637
520,4.684684684684685,98102.78126499236
521,4.693693693693693,98000.4166575743
522,4.702702702702703,97904.94855993593
523,4.711711711711712,97811.89636398408
524,4.7207207207207205,97719.00700548184
525,4.72972972972973,97626.28011635666
526,4.738738738738738,97539.50399738361
527,4.747747747747748,97474.64494637109
528,4.756756756756757,97414.61243505855
529,4.7657657657657655,97352.53900500388
530,4.774774774774775,97290.53956524548
531,4.783783783783783,97218.79846751387
532,4.792792792792793,97140.19994708904
533,4.801801801801802,97075.76337137067
534,4.8108108108108105,97011.40832119164
535,4.81981981981982,96947.13465250251
536,4.828828828828828,96884.36616487888
537,4.837837837837838,96839.68332791864
538,4.846846846846847,96798.63077603024
539,4.8558558558558556,96757.50379484838
540,4.864864864864865,96716.40855785813
541,4.873873873873874,96673.19692157015
542,4.882882882882883,96619.44692755854
543,4.891891891891892,96556.27634297768
544,4.900900900900901,96493.18817591282
545,4.90990990990991,96430.18226541832
546,4.918918918918919,96363.89856077946
547,4.927927927927928,96278.73399924648
548,4.936936936936937,96189.58888241128
549,4.945945945945946,96100.58312667893
550,4.954954954954955,96011.71644571249
551,4.963963963963964,95922.98855385913
552,4.972972972972973,95825.74514137405
553,4.981981981981982,95706.17881637966
554,4.990990990990991,95585.50735263704
555,5.0,95465.07361208304
556,5.009009009009009,95345.69150812773
557,5.018018018018018,95212.49554951179
558,5.027027027027027,95054.05983891808
559,5.036036036036036,94891.43560237162
560,5.045045045045045,94729.31656538583
561,5.054054054054054,94567.70054186779
562,5.063063063063063,94393.59403468785
563,5.072072072072072,94187.54890085723
564,5.081081081081081,93971.69110236641
565,5.09009009009009,93759.98681987509
566,5.099099099099099,93563.17096586259
567,5.108108108108108,93348.55396960856
568,5.117117117117117,93075.14769553389
569,5.126126126126126,92783.23970905914
570,5.135135135135135,92493.1113858452
571,5.1441441441441444,92204.74683456085
572,5.153153153153153,91892.24104404928
573,5.162162162162162,91545.6313665365
574,5.171171171171171,91165.3512423841
575,5.18018018018018,90784.27483606106
576,5.1891891891891895,90404.95563099762
577,5.198198198198198,90005.15481748895
578,5.207207207207207,89540.58962277432
579,5.216216216216216,89061.7341793645
580,5.225225225225225,88587.52582760889
581,5.2342342342342345,88117.90177059437
582,5.243243243243243,87656.7747068107
583,5.252252252252252,87175.16803205626
584,5.261261261261261,86672.45705065127
585,5.27027027027027,86171.35338141986
586,5.2792792792792795,85675.61767389873
587,5.288288288288288,85185.16863093356
588,5.297297297297297,84678.16415558419
589,5.306306306306306,84149.42810076213
590,5.315315315315315,83626.68519884371
591,5.324324324324325,83110.26217341452
592,5.333333333333333,82602.2440987231
593,5.342342342342342,82121.80175910702
594,5.351351351351351,81663.04926900876
595,5.36036036036036,81209.1287932269
596,5.36936936936937,80759.9674540406
597,5.378378378378378,80315.49378224275
598,5.387387387387387,79875.32252033739
599,5.396396396396397,78131.62542534528
600,5.405405405405405,77590.42132007277
601,5.414414414414415,77049.51705703461
602,5.423423423423423,76510.64887171873
603,5.4324324324324325,75978.17433876415
604,5.441441441441442,75463.52289313187
605,5.45045045045045,74963.19951995142
606,5.45945945945946,74468.57195093702
607,5.468468468468468,73979.5533123235
608,5.4774774774774775,73497.56907782989
609,5.486486486486487,73061.75339838443
610,5.495495495495495,72646.81396337521
611,5.504504504504505,72228.6856073705
612,5.513513513513513,71814.62947829279
613,5.5225225225225225,71404.5929848978
614,5.531531531531532,71031.01817416056
615,5.54054054054054,70686.01356504275
616,5.54954954954955,70343.95586814274
617,5.558558558558558,70004.81072523099
618,5.5675675675675675,69668.54426946583
619,5.576576576576577,69337.40037998381
620,5.585585585585585,69027.28033742636
621,5.594594594594595,68721.61963291859
622,5.603603603603603,68418.33152448869
623,5.612612612612613,68117.39092099512
624,5.621621621621622,67831.28216358033
625,5.63063063063063,67562.86339874663
626,5.63963963963964,67299.56413280137
627,5.648648648648648,67038.11361211671
628,5.657657657657658,66778.49380224137
629,5.666666666666667,66536.8460403469
630,5.675675675675675,66324.83667680372
631,5.684684684684685,66117.26406465066
632,5.693693693693693,65910.93918144138
633,5.702702702702703,65705.85113373869
634,5.711711711711712,65501.93546257584
635,5.7207207207207205,65301.58266526978
636,5.72972972972973,65104.44610999069
637,5.738738738738738,64908.45776042112
638,5.747747747747748,64713.6078715073
639,5.756756756756757,64533.39171593679
640,5.7657657657657655,64364.23427361871
641,5.774774774774775,64200.19834105944
642,5.783783783783783,64036.99139979332
643,5.792792792792793,63874.60721480841
644,5.801801801801802,63710.76302292904
645,5.8108108108108105,63549.04153788722
646,5.81981981981982,63390.97884867794
647,5.828828828828828,63233.69664828566
648,5.837837837837838,63081.74401566842
649,5.846846846846847,62939.72752374198
650,5.8558558558558556,62799.135500927616
651,5.864864864864865,62661.74612380906
652,5.873873873873873,62524.92012089443
653,5.882882882882883,62388.65437844922
654,5.891891891891892,62251.3523894019
655,5.900900900900901,62112.25279201059
656,5.90990990990991,61971.82188463203
657,5.918918918918919,61831.73948380821
658,5.927927927927928,61692.65462478001
659,5.936936936936937,61554.05187444623
660,5.945945945945946,61415.03609577338
661,5.954954954954955,61275.34947741405
662,5.963963963963964,61136.28491842227
663,5.972972972972973,60997.838372398095
664,5.981981981981982,60860.00582683214
665,5.990990990990991,60705.56130312132
666,6.0,60545.902905982446
667,6.009009009009009,60387.36973976285
668,6.018018018018018,60230.25421542046
669,6.027027027027027,60074.31366611333
670,6.036036036036036,59926.4250890092
671,6.045045045045045,59771.94508742902
672,6.054054054054054,59617.70273708191
673,6.063063063063063,59464.25395161436
674,6.072072072072072,59308.377075558856
675,6.081081081081081,59141.91853679301
676,6.09009009009009,58967.12659294609
677,6.099099099099099,58791.97975228221
678,6.108108108108108,58617.84619556756
679,6.117117117117117,58444.71732083976
680,6.126126126126126,58282.10625733779
681,6.135135135135135,58117.447971627094
682,6.1441441441441444,57951.567309674
683,6.153153153153153,57786.39953242443
684,6.162162162162162,57618.800755766126
685,6.171171171171171,57458.56276729755
686,6.18018018018018,57305.99445246211
687,6.1891891891891895,57155.278220058935
688,6.198198198198198,57005.3287465301
689,6.207207207207207,56856.14033647616
690,6.216216216216216,56715.19185570926
691,6.225225225225225,56583.768033872235
692,6.2342342342342345,56455.1272244101
693,6.243243243243243,56322.261701945135
694,6.252252252252252,56186.10181362798
695,6.261261261261261,56059.00228097674
696,6.27027027027027,55945.10305815182
697,6.2792792792792795,55835.81424136134
698,6.288288288288288,55726.932482192125
699,6.297297297297297,55618.455589355115
700,6.306306306306306,55512.33490828615
701,6.315315315315315,55418.82890183062
702,6.324324324324325,55332.3048626994
703,6.333333333333333,55242.460463569216
704,6.342342342342342,55151.50547624789
705,6.351351351351351,55061.565564144905
706,6.36036036036036,54981.75520190099
707,6.36936936936937,54910.420844947985
708,6.378378378378378,54839.26700245178
709,6.387387387387387,54768.293003195555
710,6.396396396396396,54704.5116589753
711,6.405405405405405,54651.72412167237
712,6.414414414414415,54608.09357652661
713,6.423423423423423,54562.16161234785
714,6.4324324324324325,54516.30668174668
715,6.441441441441442,54473.7240198809
716,6.45045045045045,54438.11061652098
717,6.45945945945946,54412.83277166724
718,6.468468468468468,54387.57425000219
719,6.4774774774774775,54362.33504000783
720,6.486486486486487,54337.203719513505
721,6.495495495495495,54316.287298601215
722,6.504504504504505,54300.36012089141
723,6.513513513513513,54284.808575925985
724,6.5225225225225225,54269.26331255161
725,6.531531531531532,54253.724331826284
726,6.54054054054054,54242.29248615412
727,6.54954954954955,54236.35108615996
728,6.558558558558558,54233.57420036754
729,6.5675675675675675,54230.78769132651
730,6.576576576576577,54228.365184315066
731,6.585585585585585,54227.548109662304
732,6.594594594594595,54228.904995891455
733,6.603603603603603,54233.73714170095
734,6.612612612612613,54238.57006331328
735,6.621621621621622,54243.403760901616
736,6.63063063063063,54259.13239350208
737,6.63963963963964,54278.48425557538
738,6.648648648648648,54297.475708674145
739,6.657657657657658,54315.43957406543
740,6.666666666666667,54333.41451792962
741,6.675675675675675,54365.3277950479
742,6.684684684684685,54403.12478965915
743,6.693693693693693,54447.794368682924
744,6.702702702702703,54492.52671726571
745,6.711711711711712,54537.32195364783
746,6.7207207207207205,54595.093155754475
747,6.72972972972973,54654.702755035025
748,6.738738738738738,54723.0922602898
749,6.747747747747748,54791.64545465692
750,6.756756756756757,54862.9144457833
751,6.7657657657657655,54947.51825742638
752,6.774774774774775,55041.51239164651
753,6.783783783783783,55145.116225883925
754,6.792792792792793,55249.026776985425
755,6.801801801801802,55353.245181063234
756,6.8108108108108105,55465.14675713211
757,6.81981981981982,55578.76870185751
758,6.828828828828828,55694.31048512426
759,6.837837837837838,55810.29336848327
760,6.846846846846847,55926.71972462617
761,6.8558558558558556,56046.7940117115
762,6.864864864864865,56171.58805021004
763,6.873873873873873,56308.238201720524
764,6.882882882882883,56445.478674711565
765,6.891891891891892,56583.31297846752
766,6.900900900900901,56722.90227160021
767,6.90990990990991,56863.50743466415
768,6.918918918918919,57003.80737723403
769,6.927927927927928,57144.56072087446
770,6.936936936936937,57285.88594518108
771,6.945945945945946,57424.25627215111
772,6.954954954954955,57551.519910462834
773,6.963963963963964,57679.82104674596
774,6.972972972972973,57809.075114296866
775,6.981981981981982,57938.81602200129
776,6.990990990990991,58066.88418442087
777,7.0,58173.40522303208
778,7.009009009009009,58267.45574686725
779,7.018018018018018,58354.781704190034
780,7.027027027027027,58442.260027593955
781,7.036036036036036,58528.53823956285
782,7.045045045045045,58573.89108240147
783,7.054054054054054,58592.06227299162
784,7.063063063063063,58601.322570196404
785,7.072072072072072,58619.06067007005
786,7.081081081081081,58638.19970747343
787,7.09009009009009,58610.59971673223
788,7.099099099099099,58552.28214672512
789,7.108108108108108,58478.183716943124
790,7.117117117117117,58404.26016949462
791,7.126126126126126,58328.427954758
792,7.135135135135135,58216.178167219
793,7.1441441441441444,58089.831213837766
794,7.153153153153153,57930.24506160982
795,7.162162162162162,57775.452182485344
796,7.171171171171171,57621.37491130248
797,7.18018018018018,57448.9068996659
798,7.1891891891891895,57261.57969830794
799,7.198198198198198,57053.04160674855
800,7.207207207207207,56845.729496291075
801,7.216216216216216,56639.63415280918
802,7.225225225225225,56419.37080953596
803,7.2342342342342345,56170.28217925975
804,7.243243243243243,55908.702229077746
805,7.252252252252252,55648.1963001492
806,7.261261261261261,55388.88358766051
807,7.27027027027027,55128.97057734065
808,7.2792792792792795,54865.99488973136
809,7.288288288288288,54590.748830952274
810,7.297297297297297,54317.69754266254
811,7.306306306306306,54046.81888775097
812,7.315315315315315,53043.772450775745
813,7.324324324324325,52796.58577160311
814,7.333333333333333,52577.884017735
815,7.342342342342342,52360.51271346444
816,7.351351351351351,52144.753150013195
817,7.36036036036036,51930.58876197178
818,7.36936936936937,51718.00319627889
819,7.378378378378378,51495.407435330584
820,7.387387387387387,51267.6894223907
821,7.396396396396396,51038.281853267064
822,7.405405405405405,50810.607984929076
823,7.414414414414415,50584.73814651489
824,7.423423423423423,50363.72829740848
825,7.4324324324324325,50145.11367797007
826,7.441441441441442,49928.113696401524
827,7.45045045045045,49712.7124025434
828,7.45945945945946,49498.894035785444
829,7.468468468468468,49260.98189131998
830,7.4774774774774775,49016.42612267614
831,7.486486486486487,48773.840952473736
832,7.495495495495495,48533.20585468331
833,7.504504504504505,48293.13805585775
834,7.513513513513513,48055.70753664801
835,7.5225225225225225,47820.46166071961
836,7.531531531531532,47587.06825595669
837,7.54054054054054,47355.5085759679
838,7.54954954954955,47125.76409162021
839,7.558558558558558,46899.50405998854
840,7.5675675675675675,46679.07783291065
841,7.576576576576577,46460.34221866477
842,7.585585585585585,46243.280355332194
843,7.594594594594595,46027.875576888546
844,7.603603603603603,45824.778679750176
845,7.612612612612613,45636.500584426816
846,7.621621621621622,45449.51908836073
847,7.63063063063063,45263.82234547735
848,7.63963963963964,45078.76744030938
849,7.648648648648648,44894.63603046527
850,7.657657657657658,44716.446283373654
851,7.666666666666667,44539.43110244205
852,7.675675675675675,44363.58027672263
853,7.684684684684685,44188.88370059645
854,7.693693693693693,44019.2329089592
855,7.702702702702703,43865.082241719414
856,7.711711711711712,43711.85051274727
857,7.7207207207207205,43559.51164640157
858,7.72972972972973,43404.85252314304
859,7.738738738738738,43252.907961574994
860,7.747747747747748,43112.73644756246
861,7.756756756756757,42973.46792958941
862,7.7657657657657655,42834.95896596474
863,7.774774774774775,42697.204024943596
864,7.783783783783783,42560.483315681515
865,7.792792792792793,42432.353640350855
866,7.801801801801802,42305.59741437948
867,7.8108108108108105,42180.34631572041
868,7.81981981981982,42059.394287202274
869,7.828828828828828,41939.17906758406
870,7.837837837837838,41820.51506542116
871,7.846846846846847,41703.43279767403
872,7.8558558558558556,41586.945696295385
873,7.864864864864865,41471.04952300157
874,7.873873873873873,41356.244655725655
875,7.882882882882883,41249.24138522934
876,7.891891891891892,41144.48282634374
877,7.900900900900901,41055.45730382053
878,7.90990990990991,40967.2440697993
879,7.918918918918918,40879.40740625936
880,7.927927927927928,40786.28569598895
881,7.936936936936937,40691.072617194426
882,7.945945945945946,40596.30300061954
883,7.954954954954955,40501.97375555989
884,7.963963963963964,40408.08181996273
885,7.972972972972973,40313.14540210305
886,7.981981981981982,40218.20233378525
887,7.990990990990991,40123.78587142292
888,8.0,40029.2914273619
889,8.00900900900901,39934.78648503953
890,8.018018018018019,39836.94467061372
891,8.027027027027026,39736.487142463375
892,8.036036036036036,39636.53304119277
893,8.045045045045045,39537.07860514597
894,8.054054054054054,39438.120109932104
895,8.063063063063064,39337.265792056
896,8.072072072072071,39234.07438506082
897,8.08108108108108,39131.147205569316
898,8.09009009009009,39028.68086638598
899,8.0990990990991,38926.74491193427
900,8.108108108108109,38824.08775703625
901,8.117117117117116,38712.19118821708
902,8.126126126126126,38600.924430670675
903,8.135135135135135,38490.28227103306
904,8.144144144144144,38380.43882492801
905,8.153153153153154,38273.65937864384
906,8.162162162162161,38168.240418345216
907,8.17117117117117,38063.00900934667
908,8.18018018018018,37958.35039751581
909,8.18918918918919,37854.25995916484
910,8.198198198198199,37750.79429138923
911,8.207207207207206,37642.37153559108
912,8.216216216216216,37532.889029165075
913,8.225225225225225,37424.03050756556
914,8.234234234234235,37313.68165961872
915,8.243243243243244,37202.848859077254
916,8.252252252252251,37105.27308310602
917,8.26126126126126,37010.28204395786
918,8.27027027027027,36915.76741106794
919,8.27927927927928,36821.72566206622
920,8.288288288288289,36728.99662766294
921,8.297297297297296,36640.59920577919
922,8.306306306306306,36552.656949730714
923,8.315315315315315,36465.04406746522
924,8.324324324324325,36377.03026189043
925,8.333333333333334,36289.53856209664
926,8.342342342342342,36203.704393298365
927,8.35135135135135,36118.269521132635
928,8.36036036036036,36033.23119893415
929,8.36936936936937,35948.58670491529
930,8.378378378378379,35864.33334188761
931,8.387387387387387,35782.15935735568
932,8.396396396396396,35442.68554936554
933,8.405405405405405,35321.05372503972
934,8.414414414414415,35219.2993849736
935,8.423423423423424,35118.08203193354
936,8.432432432432432,35019.27292335727
937,8.441441441441441,34921.23458467469
938,8.45045045045045,34822.62061350354
939,8.45945945945946,34724.328137247634
940,8.468468468468469,34626.5453140864
941,8.477477477477477,34531.271321821216
942,8.486486486486486,34437.3649271167
943,8.495495495495495,34348.18229333902
944,8.504504504504505,34259.64762935533
945,8.513513513513514,34171.540460711505
946,8.522522522522522,34085.58368491635
947,8.531531531531531,34000.863931830776
948,8.54054054054054,33920.54820678735
949,8.54954954954955,33841.37880073791
950,8.558558558558559,33762.56130255277
951,8.567567567567567,33686.04941307189
952,8.576576576576576,33610.34589694056
953,8.585585585585585,33535.60497324663
954,8.594594594594595,33461.82382211598
955,8.603603603603604,33388.35429634032
956,8.612612612612612,33316.31023510305
957,8.621621621621621,33245.83275280234
958,8.63063063063063,33176.79803782195
959,8.63963963963964,33109.96230945374
960,8.64864864864865,33043.51484893877
961,8.657657657657657,32974.90157163057
962,8.666666666666666,32906.408982182846
963,8.675675675675675,32838.900596612286
964,8.684684684684685,32773.70917768637
965,8.693693693693694,32708.7647431347
966,8.702702702702702,32646.693567884693
967,8.711711711711711,32587.61384559515
968,8.72072072072072,32528.885803708083
969,8.72972972972973,32471.242988681737
970,8.73873873873874,32414.13244560113
971,8.747747747747749,32356.978999653365
972,8.756756756756756,32299.474627282696
973,8.765765765765765,32243.00773374777
974,8.774774774774775,32189.31407792527
975,8.783783783783784,32135.795611181944
976,8.792792792792794,32082.38319654279
977,8.801801801801801,32028.10194547182
978,8.81081081081081,31974.343689524
979,8.81981981981982,31923.2265802357
980,8.82882882882883,31875.35135138555
981,8.837837837837839,31829.12770570758
982,8.846846846846846,31786.405617274493
983,8.855855855855856,31743.79708673714
984,8.864864864864865,31701.448360651848
985,8.873873873873874,31659.251481335443
986,8.882882882882884,31617.165778945688
987,8.891891891891891,31565.132970646602
988,8.9009009009009,31512.862393734587
989,8.90990990990991,31460.95947272954
990,8.91891891891892,31409.27136742101
991,8.927927927927929,31357.742970435003
992,8.936936936936936,31313.666807722726
993,8.945945945945946,31269.842098025267
994,8.954954954954955,31226.88585449888
995,8.963963963963964,31184.266603021522
996,8.972972972972974,31135.383039057935
997,8.981981981981981,31104.993653475187
998,8.99099099099099,31080.939267809645
999,9.0,31006.92941294199
