,H,Sxy
0,0.0,-34263.97100240122
1,0.009009009009009009,-38095.23640729615
2,0.018018018018018018,-46902.61918278055
3,0.02702702702702703,-55656.28390439586
4,0.036036036036036036,-64372.911546279225
5,0.04504504504504504,-75545.90792735048
6,0.05405405405405406,-90119.03111267151
7,0.06306306306306306,-105161.66423334205
8,0.07207207207207207,-120137.3592644785
9,0.08108108108108109,-135045.7250147273
10,0.09009009009009009,-149143.26471641441
11,0.0990990990990991,-165010.93638716536
12,0.10810810810810811,-184241.50314764108
13,0.11711711711711711,-203175.11661838202
14,0.12612612612612611,-221961.64440686736
15,0.13513513513513514,-240420.03776457338
16,0.14414414414414414,-254567.10670117562
17,0.15315315315315314,-262119.4916986476
18,0.16216216216216217,-269222.77658331796
19,0.17117117117117117,-275994.1328313642
20,0.18018018018018017,-282837.1084322471
21,0.1891891891891892,-291475.75610943
22,0.1981981981981982,-303884.42108015873
23,0.2072072072072072,-315401.45909942966
24,0.21621621621621623,-325887.0201667782
25,0.22522522522522523,-336125.09052581195
26,0.23423423423423423,-341359.6959204775
27,0.24324324324324323,-347715.3393975894
28,0.25225225225225223,-353602.63169148396
29,0.26126126126126126,-359156.742383658
30,0.2702702702702703,-364553.2156560007
31,0.27927927927927926,-371260.7237084998
32,0.2882882882882883,-377890.1916605337
33,0.2972972972972973,-384403.1343386234
34,0.3063063063063063,-392218.7917705254
35,0.3153153153153153,-399900.30175741465
36,0.32432432432432434,-406407.02579099516
37,0.3333333333333333,-412849.6178396112
38,0.34234234234234234,-419189.4826301203
39,0.35135135135135137,-424204.90655023686
40,0.36036036036036034,-429061.8310685325
41,0.36936936936936937,-433659.87731571833
42,0.3783783783783784,-438465.1269816413
43,0.38738738738738737,-443209.56331769907
44,0.3963963963963964,-447537.36187714856
45,0.40540540540540543,-451275.87237944984
46,0.4144144144144144,-454478.84061527246
47,0.42342342342342343,-457609.1112454173
48,0.43243243243243246,-460734.1955979892
49,0.44144144144144143,-463941.8374374514
50,0.45045045045045046,-467477.9128482183
51,0.45945945945945943,-470710.08644770074
52,0.46846846846846846,-473511.5613830291
53,0.4774774774774775,-476210.6945425078
54,0.48648648648648646,-478815.3015812171
55,0.4954954954954955,-481268.5007920417
56,0.5045045045045045,-483516.47582596226
57,0.5135135135135135,-485286.9425607457
58,0.5225225225225225,-486931.3586819814
59,0.5315315315315315,-488518.4893546194
60,0.5405405405405406,-490289.5640097614
61,0.5495495495495496,-491832.0789533232
62,0.5585585585585585,-493216.134845056
63,0.5675675675675675,-495059.49745791324
64,0.5765765765765766,-496847.5288353223
65,0.5855855855855856,-498558.1458019574
66,0.5945945945945946,-500029.37838160386
67,0.6036036036036035,-500967.4534845551
68,0.6126126126126126,-501373.0495112442
69,0.6216216216216216,-501748.00006234535
70,0.6306306306306306,-501864.91298901563
71,0.6396396396396397,-501041.15677424206
72,0.6486486486486487,-499743.3495198509
73,0.6576576576576576,-498983.8910084104
74,0.6666666666666666,-498209.4067981924
75,0.6756756756756757,-497420.18596160924
76,0.6846846846846847,-497135.877157188
77,0.6936936936936937,-496979.235678193
78,0.7027027027027027,-497525.585182517
79,0.7117117117117117,-498038.2817232908
80,0.7207207207207207,-498518.2070964421
81,0.7297297297297297,-499397.7695871266
82,0.7387387387387387,-499942.026044116
83,0.7477477477477478,-499843.17977973376
84,0.7567567567567568,-498839.4197876214
85,0.7657657657657657,-497829.48898367287
86,0.7747747747747747,-496813.7373592746
87,0.7837837837837838,-495860.9628117385
88,0.7927927927927928,-495034.2201583612
89,0.8018018018018018,-494213.9022974373
90,0.8108108108108109,-493384.6885669036
91,0.8198198198198198,-492546.97129673156
92,0.8288288288288288,-490963.00607358775
93,0.8378378378378378,-489139.5496606615
94,0.8468468468468469,-487305.9932636611
95,0.8558558558558559,-485480.39688606776
96,0.8648648648648649,-483665.61264017253
97,0.8738738738738738,-481764.6426079546
98,0.8828828828828829,-480069.67140362394
99,0.8918918918918919,-478506.56947274
100,0.9009009009009009,-476949.44004967384
101,0.9099099099099099,-475398.3565941192
102,0.9189189189189189,-473736.0666726628
103,0.9279279279279279,-471677.9623805297
104,0.9369369369369369,-469249.323817379
105,0.9459459459459459,-465914.2918020992
106,0.954954954954955,-462625.9316073042
107,0.963963963963964,-459390.46124349616
108,0.9729729729729729,-456304.5773970186
109,0.9819819819819819,-453367.80550733453
110,0.990990990990991,-450507.2428051061
111,1.0,-447797.88419707643
112,1.009009009009009,-444996.026742177
113,1.018018018018018,-442139.95803382056
114,1.027027027027027,-439405.68924804317
115,1.0360360360360361,-436813.24413928
116,1.045045045045045,-434860.253562368
117,1.054054054054054,-432904.55711148266
118,1.063063063063063,-430989.90391634044
119,1.072072072072072,-429260.6303638451
120,1.0810810810810811,-427544.36008376384
121,1.09009009009009,-425786.80738347943
122,1.0990990990990992,-423998.1419094951
123,1.1081081081081081,-422086.56663842837
124,1.117117117117117,-420109.8942505103
125,1.1261261261261262,-418153.939265562
126,1.135135135135135,-416228.71123299666
127,1.1441441441441442,-414305.7906793992
128,1.1531531531531531,-412331.23917059926
129,1.162162162162162,-410400.23796348367
130,1.1711711711711712,-408487.2296246368
131,1.1801801801801801,-406581.7466221966
132,1.1891891891891893,-404635.12012364453
133,1.1981981981981982,-402622.79802396096
134,1.207207207207207,-400674.07012945844
135,1.2162162162162162,-398744.10882244527
136,1.2252252252252251,-396828.63447762164
137,1.2342342342342343,-394927.57732865354
138,1.2432432432432432,-392777.7055060401
139,1.2522522522522523,-390633.78733690776
140,1.2612612612612613,-388512.6121081294
141,1.2702702702702702,-386413.8260409797
142,1.2792792792792793,-384344.658260888
143,1.2882882882882882,-382472.8664842037
144,1.2972972972972974,-380661.124689307
145,1.3063063063063063,-378868.56700803706
146,1.3153153153153152,-377092.7955122362
147,1.3243243243243243,-375256.01336814143
148,1.3333333333333333,-373264.55135773635
149,1.3423423423423424,-371339.6541024525
150,1.3513513513513513,-369452.1904495011
151,1.3603603603603605,-367583.62003613944
152,1.3693693693693694,-365733.6629828004
153,1.3783783783783783,-363710.1578450087
154,1.3873873873873874,-361594.81932926684
155,1.3963963963963963,-359499.455283623
156,1.4054054054054055,-357427.0921859834
157,1.4144144144144144,-355333.0715343046
158,1.4234234234234233,-353268.7732173349
159,1.4324324324324325,-351260.177051573
160,1.4414414414414414,-349263.48564795556
161,1.4504504504504505,-347288.7317611635
162,1.4594594594594594,-345335.56319979293
163,1.4684684684684683,-343274.4590103595
164,1.4774774774774775,-341176.3768133989
165,1.4864864864864864,-339262.92031060427
166,1.4954954954954955,-337370.31555326557
167,1.5045045045045045,-335808.9916173524
168,1.5135135135135136,-334611.24483045883
169,1.5225225225225225,-333267.9342297907
170,1.5315315315315314,-331857.94399256114
171,1.5405405405405406,-330459.6116342742
172,1.5495495495495495,-329072.79524761264
173,1.5585585585585586,-327701.6927999535
174,1.5675675675675675,-326398.8995950006
175,1.5765765765765765,-325131.77383907395
176,1.5855855855855856,-323306.0862992825
177,1.5945945945945945,-321499.9794593242
178,1.6036036036036037,-319676.0464261514
179,1.6126126126126126,-317795.9029131217
180,1.6216216216216217,-315922.1598756722
181,1.6306306306306306,-314068.98488373257
182,1.6396396396396395,-312236.0547828522
183,1.6486486486486487,-310417.8775080907
184,1.6576576576576576,-308612.7675096146
185,1.6666666666666667,-306510.9718781068
186,1.6756756756756757,-303976.8152464574
187,1.6846846846846846,-301219.724592187
188,1.6936936936936937,-298494.3910910138
189,1.7027027027027026,-295769.6133177304
190,1.7117117117117118,-293143.68373443896
191,1.7207207207207207,-290558.66276526597
192,1.7297297297297298,-288013.66272814956
193,1.7387387387387387,-285630.25105045567
194,1.7477477477477477,-283416.1575647045
195,1.7567567567567568,-281256.35492680763
196,1.7657657657657657,-279126.02019203623
197,1.7747747747747749,-277387.67444745766
198,1.7837837837837838,-275792.9133626635
199,1.7927927927927927,-274172.60302491736
200,1.8018018018018018,-272582.2406235468
201,1.8108108108108107,-271008.908682874
202,1.8198198198198199,-269452.3472237676
203,1.8288288288288288,-267912.30137171206
204,1.8378378378378377,-266231.94038120046
205,1.8468468468468469,-264555.0371820043
206,1.8558558558558558,-262898.46839945315
207,1.864864864864865,-261257.90797479212
208,1.8738738738738738,-259630.42635839168
209,1.882882882882883,-258052.02666511663
210,1.8918918918918919,-256558.90288050575
211,1.9009009009009008,-255095.24407185463
212,1.90990990990991,-253647.00587067674
213,1.9189189189189189,-252213.9566236159
214,1.927927927927928,-250750.49250270752
215,1.936936936936937,-249296.059673542
216,1.9459459459459458,-247864.41527831566
217,1.954954954954955,-246447.75273981827
218,1.9639639639639639,-245054.38052670672
219,1.972972972972973,-243603.65295447066
220,1.981981981981982,-242161.88817632396
221,1.990990990990991,-240772.23985378532
222,2.0,-239396.9471968707
223,2.009009009009009,-238035.80118069006
224,2.018018018018018,-236785.80465609327
225,2.027027027027027,-235475.45540550153
226,2.036036036036036,-234128.56538913128
227,2.045045045045045,-232795.40641504904
228,2.054054054054054,-231475.78200844486
229,2.063063063063063,-230059.420081576
230,2.0720720720720722,-228613.44891432466
231,2.081081081081081,-227249.92925141533
232,2.09009009009009,-225900.81053881408
233,2.099099099099099,-224565.87988281637
234,2.108108108108108,-223210.87675391493
235,2.1171171171171173,-221777.00740778982
236,2.126126126126126,-220358.4119319407
237,2.135135135135135,-218955.2991106305
238,2.144144144144144,-217567.43579203746
239,2.153153153153153,-216252.11259719124
240,2.1621621621621623,-215050.79663131887
241,2.171171171171171,-213851.24935793187
242,2.18018018018018,-212663.86362143818
243,2.189189189189189,-211488.4648844997
244,2.1981981981981984,-210317.5240175343
245,2.2072072072072073,-208961.42070459752
246,2.2162162162162162,-207652.59577040887
247,2.225225225225225,-206307.3748445802
248,2.234234234234234,-204976.897160197
249,2.2432432432432434,-203681.43473659875
250,2.2522522522522523,-202481.25909385973
251,2.2612612612612613,-201287.02413465304
252,2.27027027027027,-200105.51251958645
253,2.279279279279279,-198936.40415038026
254,2.2882882882882885,-197779.51601064345
255,2.2972972972972974,-196478.87431435264
256,2.3063063063063063,-195272.1138743768
257,2.315315315315315,-194108.3980224274
258,2.324324324324324,-192957.4879888605
259,2.3333333333333335,-191818.5226361002
260,2.3423423423423424,-190651.90910887654
261,2.3513513513513513,-189218.61551763627
262,2.3603603603603602,-187798.6568596995
263,2.369369369369369,-186396.40971388537
264,2.3783783783783785,-185011.57211709418
265,2.3873873873873874,-183599.42741319703
266,2.3963963963963963,-182238.36505173155
267,2.4054054054054053,-180922.09954184486
268,2.414414414414414,-179742.22044911722
269,2.4234234234234235,-178678.36053186032
270,2.4324324324324325,-177562.3736683936
271,2.4414414414414414,-176414.67058523704
272,2.4504504504504503,-175288.61852051443
273,2.4594594594594597,-174174.303555909
274,2.4684684684684686,-173071.55935801307
275,2.4774774774774775,-172020.52942234286
276,2.4864864864864864,-171080.19188990915
277,2.4954954954954953,-170252.15553501417
278,2.5045045045045047,-169289.45385207914
279,2.5135135135135136,-168249.034592741
280,2.5225225225225225,-167195.08251049195
281,2.5315315315315314,-165970.3134076103
282,2.5405405405405403,-164711.6995779753
283,2.5495495495495497,-163468.29724796675
284,2.5585585585585586,-162239.85843690956
285,2.5675675675675675,-161028.25119503113
286,2.5765765765765765,-160011.7709163139
287,2.5855855855855854,-159031.20258384573
288,2.5945945945945947,-158060.36499932635
289,2.6036036036036037,-157098.397891871
290,2.6126126126126126,-156095.68524912538
291,2.6216216216216215,-155062.24373683348
292,2.6306306306306304,-154189.94586468788
293,2.6396396396396398,-153326.00855586486
294,2.6486486486486487,-152470.32124167247
295,2.6576576576576576,-151665.8757867797
296,2.6666666666666665,-150887.36814147013
297,2.6756756756756754,-149975.18544468432
298,2.684684684684685,-149060.05171177327
299,2.6936936936936937,-148154.1330339968
300,2.7027027027027026,-147240.49353220878
301,2.7117117117117115,-146245.48343355107
302,2.720720720720721,-145377.63796128935
303,2.72972972972973,-144532.92459667663
304,2.7387387387387387,-143696.59246613766
305,2.7477477477477477,-142864.79384090743
306,2.7567567567567566,-141966.7196675822
307,2.765765765765766,-141030.5983091228
308,2.774774774774775,-140108.50395729946
309,2.7837837837837838,-139195.85183250502
310,2.7927927927927927,-138309.39767461744
311,2.8018018018018016,-137513.1215922891
312,2.810810810810811,-136749.2938455652
313,2.81981981981982,-135995.83217987255
314,2.828828828828829,-135249.51091676165
315,2.8378378378378377,-134510.2363533683
316,2.8468468468468466,-133666.47979435613
317,2.855855855855856,-132808.15868510376
318,2.864864864864865,-131948.63737121646
319,2.873873873873874,-131096.47086869026
320,2.8828828828828827,-130252.85200079156
321,2.8918918918918917,-129455.89049477309
322,2.900900900900901,-128653.6960312335
323,2.90990990990991,-127861.66776295587
324,2.918918918918919,-127077.49955061881
325,2.9279279279279278,-126301.08572232573
326,2.9369369369369367,-125565.23660219875
327,2.945945945945946,-124842.13188615286
328,2.954954954954955,-124124.62350615335
329,2.963963963963964,-123407.60120854602
330,2.972972972972973,-122697.47320826934
331,2.981981981981982,-121921.47857122256
332,2.990990990990991,-121114.80243440527
333,3.0,-120336.87961555755
334,3.009009009009009,-119566.59685913421
335,3.018018018018018,-118803.85406084625
336,3.027027027027027,-118081.99509807493
337,3.036036036036036,-117400.1330976569
338,3.045045045045045,-116755.03625664141
339,3.054054054054054,-116013.36626921123
340,3.063063063063063,-115193.36310056043
341,3.0720720720720722,-114397.14769605483
342,3.081081081081081,-113583.28974815411
343,3.09009009009009,-112711.8934701372
344,3.099099099099099,-111846.01985364145
345,3.108108108108108,-110990.53180029216
346,3.1171171171171173,-110133.04416477963
347,3.126126126126126,-109258.81257994077
348,3.135135135135135,-108479.17433321866
349,3.144144144144144,-107708.5454778274
350,3.153153153153153,-107076.95051187965
351,3.1621621621621623,-106466.89185194693
352,3.171171171171171,-105835.0016879379
353,3.18018018018018,-105136.09235964864
354,3.189189189189189,-104374.83280646011
355,3.198198198198198,-103622.11650198305
356,3.2072072072072073,-102876.15664406953
357,3.2162162162162162,-102076.96399581597
358,3.225225225225225,-101241.94248861879
359,3.234234234234234,-100416.55579888767
360,3.2432432432432434,-99606.14792517334
361,3.2522522522522523,-98862.51055497491
362,3.2612612612612613,-98213.64408780412
363,3.27027027027027,-97661.95408736562
364,3.279279279279279,-97138.33966779678
365,3.2882882882882885,-96619.30735177088
366,3.2972972972972974,-96104.7960075977
367,3.3063063063063063,-95594.62208119454
368,3.315315315315315,-95078.83514300222
369,3.324324324324324,-94566.54058710768
370,3.3333333333333335,-94058.6960450036
371,3.3423423423423424,-93577.5360549533
372,3.3513513513513513,-93112.75394839494
373,3.3603603603603602,-92619.30532332823
374,3.369369369369369,-92129.81523024784
375,3.3783783783783785,-91644.24138197534
376,3.3873873873873874,-91162.54205408493
377,3.3963963963963963,-90681.03038617354
378,3.4054054054054053,-90152.6216406639
379,3.414414414414414,-89578.38233324511
380,3.4234234234234235,-88970.29986649718
381,3.4324324324324325,-88368.02874408697
382,3.4414414414414414,-87764.22482668847
383,3.4504504504504503,-87160.9720257825
384,3.4594594594594597,-86569.80331022559
385,3.4684684684684686,-85984.34124240419
386,3.4774774774774775,-85404.51361357755
387,3.4864864864864864,-84817.41015366322
388,3.4954954954954953,-84239.38913460501
389,3.5045045045045047,-83698.51559255918
390,3.5135135135135136,-83156.00629590596
391,3.5225225225225225,-82617.66319290687
392,3.5315315315315314,-82083.85846170898
393,3.5405405405405403,-81562.03292605863
394,3.5495495495495497,-81083.35383271743
395,3.5585585585585586,-80609.02921939154
396,3.5675675675675675,-80139.00599942781
397,3.5765765765765765,-79666.9286979175
398,3.5855855855855854,-79181.75419714703
399,3.5945945945945947,-78673.08811190368
400,3.6036036036036037,-78169.6354500153
401,3.6126126126126126,-77671.52055950124
402,3.6216216216216215,-77177.14974975272
403,3.6306306306306304,-76689.31050891631
404,3.6396396396396398,-76220.15390498545
405,3.6486486486486487,-75755.17283229655
406,3.6576576576576576,-75294.31829836576
407,3.6666666666666665,-74824.1111072397
408,3.6756756756756754,-74313.36399445611
409,3.684684684684685,-73818.45474144148
410,3.6936936936936937,-73328.01117136968
411,3.7027027027027026,-72764.03889778597
412,3.7117117117117115,-72203.46213433516
413,3.720720720720721,-71691.19470290738
414,3.72972972972973,-71209.6403511056
415,3.7387387387387387,-70725.04215514263
416,3.7477477477477477,-70245.5852987849
417,3.7567567567567566,-69770.20172454315
418,3.765765765765766,-69262.56893250771
419,3.774774774774775,-68700.09325974584
420,3.7837837837837838,-68143.85905889915
421,3.7927927927927927,-67593.77636762163
422,3.8018018018018016,-67125.6269756405
423,3.810810810810811,-66667.28153074745
424,3.81981981981982,-66232.69083691738
425,3.828828828828829,-65753.57284819243
426,3.8378378378378377,-65231.99089753658
427,3.8468468468468466,-64716.239638661726
428,3.855855855855856,-64121.857567024046
429,3.864864864864865,-63523.73489829897
430,3.873873873873874,-62937.62899271643
431,3.8828828828828827,-62358.26191117258
432,3.8918918918918917,-61804.23774357069
433,3.900900900900901,-61342.12028243511
434,3.90990990990991,-60885.13242444454
435,3.918918918918919,-60433.40025191341
436,3.9279279279279278,-60080.788592617144
437,3.9369369369369367,-59742.21957448609
438,3.945945945945946,-59367.60645577108
439,3.954954954954955,-59002.10865841027
440,3.963963963963964,-58663.14114760304
441,3.972972972972973,-58326.95147798473
442,3.981981981981982,-57993.509760950095
443,3.990990990990991,-57661.69080213084
444,4.0,-57304.18369666743
445,4.009009009009009,-56919.92225724539
446,4.018018018018018,-56538.95059026285
447,4.027027027027027,-56161.232577152914
448,4.036036036036036,-55778.13381189857
449,4.045045045045045,-55401.429590200736
450,4.054054054054054,-55078.43150927569
451,4.063063063063063,-54758.07390468168
452,4.072072072072072,-54440.32854375067
453,4.081081081081081,-54122.80825510143
454,4.09009009009009,-53790.871571034426
455,4.099099099099099,-53418.97203199436
456,4.108108108108108,-53050.20572931219
457,4.117117117117117,-52684.53909618543
458,4.126126126126126,-52316.37048944202
459,4.135135135135135,-51944.27254302925
460,4.1441441441441444,-51623.916426181095
461,4.153153153153153,-51310.44474024422
462,4.162162162162162,-50999.50413987672
463,4.171171171171171,-50691.13304701603
464,4.18018018018018,-50384.27883167432
465,4.1891891891891895,-50060.45139698356
466,4.198198198198198,-49739.268817026554
467,4.207207207207207,-49420.703401631625
468,4.216216216216216,-49100.920018784134
469,4.225225225225225,-48771.48914346565
470,4.2342342342342345,-48449.74310924121
471,4.243243243243243,-48131.04135202114
472,4.252252252252252,-47767.4977276943
473,4.261261261261261,-47378.04877183217
474,4.27027027027027,-46969.00676868034
475,4.2792792792792795,-46563.62265047349
476,4.288288288288288,-46162.87869705756
477,4.297297297297297,-45766.29549959016
478,4.306306306306306,-45386.15834570423
479,4.315315315315315,-45045.20917854631
480,4.324324324324325,-44688.46919182014
481,4.333333333333333,-44327.28360541298
482,4.342342342342342,-43969.751041960466
483,4.351351351351351,-43640.08808649394
484,4.36036036036036,-43271.10303264619
485,4.36936936936937,-42924.339379794204
486,4.378378378378378,-42585.89232070742
487,4.387387387387387,-42223.202946422025
488,4.396396396396397,-41866.06001665326
489,4.405405405405405,-41541.60863064905
490,4.414414414414415,-41205.38853588101
491,4.423423423423423,-40856.663103314
492,4.4324324324324325,-40511.608008275645
493,4.441441441441442,-40170.48977638116
494,4.45045045045045,-39828.40859548992
495,4.45945945945946,-39492.49156718935
496,4.468468468468468,-39164.987084472035
497,4.4774774774774775,-38873.774426194555
498,4.486486486486487,-38599.71946241152
499,4.495495495495495,-38341.320888357324
500,4.504504504504505,-38085.98871329365
501,4.513513513513513,-37828.975859869286
502,4.5225225225225225,-37574.075533650175
503,4.531531531531532,-37321.26563285376
504,4.54054054054054,-37054.89574374678
505,4.54954954954955,-36775.24643776887
506,4.558558558558558,-36521.56463605929
507,4.5675675675675675,-36269.7065688491
508,4.576576576576577,-36014.06795565412
509,4.585585585585585,-35746.00584551401
510,4.594594594594595,-35454.859859334305
511,4.603603603603603,-35150.58994314904
512,4.612612612612613,-34849.0250276186
513,4.621621621621622,-34550.135268352045
514,4.63063063063063,-34269.26654201782
515,4.63963963963964,-34005.83533150908
516,4.648648648648648,-33750.61851106157
517,4.657657657657658,-33497.57079610075
518,4.666666666666667,-33251.899353795205
519,4.675675675675675,-33004.21200448688
520,4.684684684684685,-32752.013329737787
521,4.693693693693693,-32499.031024664644
522,4.702702702702703,-32248.126824700317
523,4.711711711711712,-31999.27945480929
524,4.7207207207207205,-31753.81780590728
525,4.72972972972973,-31513.01932585438
526,4.738738738738738,-31255.191962863777
527,4.747747747747748,-30997.174931739002
528,4.756756756756757,-30741.317774036073
529,4.7657657657657655,-30497.5225475663
530,4.774774774774775,-30249.44390889539
531,4.783783783783783,-30027.79203407491
532,4.792792792792793,-29823.523083083284
533,4.801801801801802,-29620.737080850875
534,4.8108108108108105,-29419.14150684172
535,4.81981981981982,-29217.209415139816
536,4.828828828828828,-28994.341121718204
537,4.837837837837838,-28765.328617324314
538,4.846846846846847,-28538.142640312206
539,4.8558558558558556,-28312.519253405248
540,4.864864864864865,-28081.232293284444
541,4.873873873873874,-27840.761893063802
542,4.882882882882883,-27595.31517087971
543,4.891891891891892,-27351.840719333348
544,4.900900900900901,-27110.31916578192
545,4.90990990990991,-26870.26639805013
546,4.918918918918919,-26642.784278274048
547,4.927927927927928,-26425.971774738908
548,4.936936936936937,-26156.36950051426
549,4.945945945945946,-25890.00265997789
550,4.954954954954955,-25618.59954046395
551,4.963963963963964,-25352.020725279675
552,4.972972972972973,-25093.621148402315
553,4.981981981981982,-24838.287086626064
554,4.990990990990991,-24585.972600881876
555,5.0,-24356.73927590823
556,5.009009009009009,-24117.05524084518
557,5.018018018018018,-23860.42350014736
558,5.027027027027027,-23637.621508844877
559,5.036036036036036,-23419.139963190475
560,5.045045045045045,-23196.880852237915
561,5.054054054054054,-22978.92127631008
562,5.063063063063063,-22791.972251185816
563,5.072072072072072,-22606.510044690047
564,5.081081081081081,-22422.520066273537
565,5.09009009009009,-22224.993155993114
566,5.099099099099099,-22006.34798029369
567,5.108108108108108,-21766.27578129852
568,5.117117117117117,-21528.02503402039
569,5.126126126126126,-21289.558717447224
570,5.135135135135135,-21069.180715096143
571,5.1441441441441444,-20859.648523432435
572,5.153153153153153,-20665.899475708822
573,5.162162162162162,-20474.477247462517
574,5.171171171171171,-20284.602342646307
575,5.18018018018018,-20092.923373811806
576,5.1891891891891895,-19899.233437052353
577,5.198198198198198,-19707.198832467977
578,5.207207207207207,-19517.39475672683
579,5.216216216216216,-19328.971107602934
580,5.225225225225225,-19147.652504130292
581,5.2342342342342345,-18975.26047237813
582,5.243243243243243,-18804.86070843075
583,5.252252252252252,-18636.091558085234
584,5.261261261261261,-18468.70656586226
585,5.27027027027027,-18297.980966766256
586,5.2792792792792795,-18092.674216116764
587,5.288288288288288,-17889.16642954187
588,5.297297297297297,-17686.058403832205
589,5.306306306306306,-17484.611118969628
590,5.315315315315315,-17287.715192623502
591,5.324324324324325,-17102.57837824247
592,5.333333333333333,-16921.119527231374
593,5.342342342342342,-16743.600429272494
594,5.351351351351351,-16567.511923168786
595,5.36036036036036,-16392.359778255137
596,5.36936936936937,-16215.589165776397
597,5.378378378378378,-16040.819058088875
598,5.387387387387387,-15866.907631366501
599,5.396396396396397,-15694.4220135271
600,5.405405405405405,-15523.318687127536
601,5.414414414414415,-15354.049276999578
602,5.423423423423423,-15185.807704238783
603,5.4324324324324325,-15017.742690492749
604,5.441441441441442,-14851.053156455002
605,5.45045045045045,-14685.72559250505
606,5.45945945945946,-14517.398034562502
607,5.468468468468468,-14351.847882641208
608,5.4774774774774775,-14202.656694366633
609,5.486486486486487,-14055.249985478966
610,5.495495495495495,-13909.003609157367
611,5.504504504504505,-13744.345093358157
612,5.513513513513513,-13574.322327411195
613,5.5225225225225225,-13397.099024674257
614,5.531531531531532,-13221.310977479383
615,5.54054054054054,-13046.944425645775
616,5.54954954954955,-12904.3968154816
617,5.558558558558558,-12762.824445913217
618,5.5675675675675675,-12607.06072031127
619,5.576576576576577,-12452.325191600436
620,5.585585585585585,-12298.724526689244
621,5.594594594594595,-12120.6768740978
622,5.603603603603603,-11917.642480037855
623,5.612612612612613,-11738.138288315087
624,5.621621621621622,-11567.31504951089
625,5.63063063063063,-11398.160352328423
626,5.63963963963964,-11242.520850033472
627,5.648648648648648,-11092.28775594872
628,5.657657657657658,-10923.293424556694
629,5.666666666666667,-10761.019219058628
630,5.675675675675675,-10594.443479099391
631,5.684684684684685,-10434.075907671637
632,5.693693693693693,-10279.102991647065
633,5.702702702702703,-10138.269661135982
634,5.711711711711712,-10010.5725146078
635,5.7207207207207205,-9884.074365318867
636,5.72972972972973,-9753.747345218117
637,5.738738738738738,-9614.405521224522
638,5.747747747747748,-9469.196379842384
639,5.756756756756757,-9321.004197370325
640,5.7657657657657655,-9173.439577540446
641,5.774774774774775,-9038.552512649616
642,5.783783783783783,-8905.162176483083
643,5.792792792792793,-8780.91629795765
644,5.801801801801802,-8665.693208630495
645,5.8108108108108105,-8551.26505247937
646,5.81981981981982,-8436.85542561733
647,5.828828828828828,-8317.805400109195
648,5.837837837837838,-8175.1080519175
649,5.846846846846847,-8014.787270710077
650,5.8558558558558556,-7856.1240272840005
651,5.864864864864865,-7699.1398070995065
652,5.873873873873873,-7543.032277161915
653,5.882882882882883,-7389.634288630321
654,5.891891891891892,-7269.257510175092
655,5.900900900900901,-7149.825015599183
656,5.90990990990991,-7031.328145251137
657,5.918918918918919,-6892.950514069319
658,5.927927927927928,-6752.504467254602
659,5.936936936936937,-6605.7952754595835
660,5.945945945945946,-6460.384478448477
661,5.954954954954955,-6316.637793258586
662,5.963963963963964,-6192.536128235941
663,5.972972972972973,-6069.03964423668
664,5.981981981981982,-5934.60537386157
665,5.990990990990991,-5801.215934746904
666,6.0,-5668.86196473539
667,6.009009009009009,-5542.033111912947
668,6.018018018018018,-5416.462640867019
669,6.027027027027027,-5308.003009923122
670,6.036036036036036,-5206.8817537505965
671,6.045045045045045,-5105.711934734349
672,6.054054054054054,-4997.339874919193
673,6.063063063063063,-4884.721053284431
674,6.072072072072072,-4765.326458834351
675,6.081081081081081,-4644.879776306128
676,6.09009009009009,-4525.40982311111
677,6.099099099099099,-4398.038774508607
678,6.108108108108108,-4263.123447344867
679,6.117117117117117,-4135.975196065014
680,6.126126126126126,-4013.4945064830326
681,6.135135135135135,-3892.1801972159938
682,6.1441441441441444,-3780.0284990249015
683,6.153153153153153,-3673.205477422702
684,6.162162162162162,-3552.1482498806063
685,6.171171171171171,-3427.8159019264367
686,6.18018018018018,-3304.476314739808
687,6.1891891891891895,-3181.35825247504
688,6.198198198198198,-3058.5373123931586
689,6.207207207207207,-2945.2709898706885
690,6.216216216216216,-2843.9611338547306
691,6.225225225225225,-2743.4843181005335
692,6.2342342342342345,-2642.0016399387887
693,6.243243243243243,-2539.0382871055663
694,6.252252252252252,-2430.367425184753
695,6.261261261261261,-2316.9116936428036
696,6.27027027027027,-2204.326748822316
697,6.2792792792792795,-2091.9812832109183
698,6.288288288288288,-1979.2048520108829
699,6.297297297297297,-1864.7854298095176
700,6.306306306306306,-1747.8094152957847
701,6.315315315315315,-1631.2710363527963
702,6.324324324324325,-1510.4780079553818
703,6.333333333333333,-1376.183674468864
704,6.342342342342342,-1243.7508048686557
705,6.351351351351351,-1120.229437165656
706,6.36036036036036,-997.9156633803611
707,6.36936936936937,-886.537009714766
708,6.378378378378378,-794.7920749410088
709,6.387387387387387,-703.9381467298491
710,6.396396396396396,-614.146351993853
711,6.405405405405405,-525.2324083644845
712,6.414414414414415,-437.1111737008781
713,6.423423423423423,-335.36404752484106
714,6.4324324324324325,-234.41564438841476
715,6.441441441441442,-143.44889588814087
716,6.45045045045045,-55.18971349373019
717,6.45945945945946,32.19986237711952
718,6.468468468468468,135.0336341120384
719,6.4774774774774775,238.42660903516224
720,6.486486486486487,351.9563319337595
721,6.495495495495495,465.07162895412455
722,6.504504504504505,576.6845450051561
723,6.513513513513513,662.536822721735
724,6.5225225225225225,747.7259141639003
725,6.531531531531532,828.6423806507906
726,6.54054054054054,908.144602528849
727,6.54954954954955,987.0340369789179
728,6.558558558558558,1076.5531128144248
729,6.5675675675675675,1169.9903958275838
730,6.576576576576577,1264.0062320363688
731,6.585585585585585,1357.8443286901786
732,6.594594594594595,1450.9638182862511
733,6.603603603603603,1553.0657324484716
734,6.612612612612613,1660.833457113731
735,6.621621621621622,1767.1005292557836
736,6.63063063063063,1872.106994895264
737,6.63963963963964,1976.42536253949
738,6.648648648648648,2072.441183538753
739,6.657657657657658,2165.022943467268
740,6.666666666666667,2257.319065683005
741,6.675675675675675,2348.1806048607173
742,6.684684684684685,2438.202764234855
743,6.693693693693693,3904.8663270142233
744,6.702702702702703,3906.650446526913
745,6.711711711711712,3908.6332741294514
746,6.7207207207207205,3911.0979700451694
747,6.72972972972973,3913.5152858019264
748,6.738738738738738,3915.8857093334077
749,6.747747747747748,3918.2097232097685
750,6.756756756756757,3920.0979759552324
751,6.7657657657657655,3920.740987319803
752,6.774774774774775,3921.564552056056
753,6.783783783783783,3922.355442852722
754,6.792792792792793,3923.0388535802927
755,6.801801801801802,3924.4065270850133
756,6.8108108108108105,3934.2922538568478
757,6.81981981981982,3944.0766767684036
758,6.828828828828828,3953.7607223512914
759,6.837837837837838,3963.3453075635157
760,6.846846846846847,4037.4451826311374
761,6.8558558558558556,4118.369895392339
762,6.864864864864865,4194.9767751187965
763,6.873873873873873,4270.624074064506
764,6.882882882882883,4345.664178885367
765,6.891891891891892,4412.921807780664
766,6.900900900900901,4480.137525959472
767,6.90990990990991,4547.458568771686
768,6.918918918918919,4614.24402614544
769,6.927927927927928,4680.498474794845
770,6.936936936936937,4750.577536036773
771,6.945945945945946,4824.468090135958
772,6.954954954954955,4896.530925328983
773,6.963963963963964,4968.0263450254215
774,6.972972972972973,5038.958646770463
775,6.981981981981982,5116.337796223444
776,6.990990990990991,5224.823363778555
777,7.0,5334.350852540694
778,7.009009009009009,5443.033869980967
779,7.018018018018018,5550.879456366655
780,7.027027027027027,5637.108143611315
781,7.036036036036036,5701.975260504302
782,7.045045045045045,5760.1843256594175
783,7.054054054054054,5817.875110886384
784,7.063063063063063,5875.01367963665
785,7.072072072072072,5935.150792688492
786,7.081081081081081,6005.219903713985
787,7.09009009009009,6074.39431320588
788,7.099099099099099,6142.863889526305
789,7.108108108108108,6210.636158050004
790,7.117117117117117,6277.984979359634
791,7.126126126126126,6346.6144574902455
792,7.135135135135135,6415.204685011621
793,7.1441441441441444,6483.100471810355
794,7.153153153153153,6545.450463223092
795,7.162162162162162,6606.701874389646
796,7.171171171171171,6667.8932234642925
797,7.18018018018018,6733.628120860794
798,7.1891891891891895,6799.612871868275
799,7.198198198198198,6864.987678417996
800,7.207207207207207,6929.758423390842
801,7.216216216216216,6995.083601296149
802,7.225225225225225,7064.400364047741
803,7.2342342342342345,7133.08265063521
804,7.243243243243243,7202.385318888226
805,7.252252252252252,7275.397289484871
806,7.261261261261261,7359.902158182826
807,7.27027027027027,7434.548540962964
808,7.2792792792792795,7507.6571996013745
809,7.288288288288288,7580.235675419542
810,7.297297297297297,7652.288026441748
811,7.306306306306306,7704.5364774680465
812,7.315315315315315,7763.925283180791
813,7.324324324324325,7822.8774917761775
814,7.333333333333333,7881.396447292227
815,7.342342342342342,7938.586125173377
816,7.351351351351351,8010.752959350737
817,7.36036036036036,8081.026925777672
818,7.36936936936937,8149.809538062822
819,7.378378378378378,8218.077269891839
820,7.387387387387387,8285.834151542851
821,7.396396396396396,8346.148269660938
822,7.405405405405405,8411.552707237925
823,7.414414414414415,8476.467325143687
824,7.423423423423423,8540.89594091521
825,7.4324324324324325,8605.179823445953
826,7.441441441441442,8665.816318544696
827,7.45045045045045,8722.900628814241
828,7.45945945945946,8779.603379308333
829,7.468468468468468,8835.929422035855
830,7.4774774774774775,8891.88135057915
831,7.486486486486487,8951.212898046793
832,7.495495495495495,9017.672829822774
833,7.504504504504505,9083.537357937295
834,7.513513513513513,9143.696481812844
835,7.5225225225225225,9203.369128344051
836,7.531531531531532,9265.320818763172
837,7.54054054054054,9338.257317568961
838,7.54954954954955,9412.358683240442
839,7.558558558558558,9485.883061773391
840,7.5675675675675675,9558.835113389981
841,7.576576576576577,9624.988412767521
842,7.585585585585585,9678.19372610853
843,7.594594594594595,9727.262871721527
844,7.603603603603603,9771.28043974694
845,7.612612612612613,9813.814195378456
846,7.621621621621622,9856.375681456342
847,7.63063063063063,9908.314550432837
848,7.63963963963964,9959.40893594858
849,7.648648648648648,10010.01031283199
850,7.657657657657658,10060.12337393009
851,7.666666666666667,10109.752760862924
852,7.675675675675675,10171.464183434859
853,7.684684684684685,10233.201859966863
854,7.693693693693693,10294.364500446567
855,7.702702702702703,10357.54207748268
856,7.711711711711712,10422.522763058641
857,7.7207207207207205,10475.220396874498
858,7.72972972972973,10520.359703200233
859,7.738738738738738,10565.064184400158
860,7.747747747747748,10609.283897195179
861,7.756756756756757,10653.023847821898
862,7.7657657657657655,10696.973023067523
863,7.774774774774775,10733.111650493656
864,7.783783783783783,10767.440095584077
865,7.792792792792793,10801.333749502957
866,7.801801801801802,10834.686311673002
867,7.8108108108108105,10877.907853030536
868,7.81981981981982,10934.055720588878
869,7.828828828828828,10995.329468975822
870,7.837837837837838,11056.131436257343
871,7.846846846846847,11116.465299332453
872,7.8558558558558556,11152.254802191945
873,7.864864864864865,11190.867739951671
874,7.873873873873873,11229.996687283845
875,7.882882882882883,11268.804541167678
876,7.891891891891892,11308.521677226883
877,7.900900900900901,11359.320316102385
878,7.90990990990991,11420.167064545876
879,7.918918918918918,11474.606584745095
880,7.927927927927928,11528.11108487298
881,7.936936936936937,11581.200273672672
882,7.945945945945946,11629.098600922163
883,7.954954954954955,11675.192494059105
884,7.963963963963964,11722.699948247215
885,7.972972972972973,11769.833546004553
886,7.981981981981982,11816.596064513546
887,7.990990990990991,11864.207534010373
888,8.0,11912.902992018891
889,8.00900900900901,11961.179571526129
890,8.018018018018019,12009.096794535593
891,8.027027027027026,12056.640339837571
892,8.036036036036036,12107.085417198212
893,8.045045045045045,12165.473818633653
894,8.054054054054054,12227.691376932284
895,8.063063063063064,12289.443897313791
896,8.072072072072071,12350.734874001364
897,8.08108108108108,12403.057937397523
898,8.09009009009009,12443.361982780647
899,8.0990990990991,12473.355960963221
900,8.108108108108109,12503.078109612248
901,8.117117117117116,12532.530649202165
902,8.126126126126126,12564.668992578652
903,8.135135135135135,12614.37574694896
904,8.144144144144144,12667.885046345986
905,8.153153153153154,12720.966313490977
906,8.162162162162161,12773.622912958059
907,8.17117117117117,12821.733594036496
908,8.18018018018018,12856.728041982804
909,8.18918918918919,12890.901533032484
910,8.198198198198199,12924.924302138697
911,8.207207207207206,12958.764049174197
912,8.216216216216216,12992.299933640277
913,8.225225225225225,13049.750925633198
914,8.234234234234235,13109.03497735219
915,8.243243243243244,13167.984744884152
916,8.252252252252251,13226.46125361592
917,8.26126126126126,13275.180699470453
918,8.27027027027027,13300.166035059225
919,8.27927927927928,13321.434005709774
920,8.288288288288289,13341.292522545593
921,8.297297297297296,13361.52338058047
922,8.306306306306306,13381.592366289025
923,8.315315315315315,13419.759203410456
924,8.324324324324325,13470.489286634527
925,8.333333333333334,13521.997372065784
926,8.342342342342342,13573.690632721331
927,8.35135135135135,13627.121185463435
928,8.36036036036036,13673.454579988937
929,8.36936936936937,13714.507959495162
930,8.378378378378379,13751.543477263538
931,8.387387387387387,13787.549230141272
932,8.396396396396396,13812.736503256343
933,8.405405405405405,13837.897504408793
934,8.414414414414415,13866.625681014713
935,8.423423423423424,13897.421837455422
936,8.432432432432432,13927.880470570362
937,8.441441441441441,13958.277880448126
938,8.45045045045045,13990.24453333431
939,8.45945945945946,14028.216529052292
940,8.468468468468469,14076.54986372391
941,8.477477477477477,14124.556515956876
942,8.486486486486486,14172.238641952432
943,8.495495495495495,14219.1606222988
944,8.504504504504505,14264.745473949002
945,8.513513513513514,14306.311482541809
946,8.522522522522522,14347.590488545542
947,8.531531531531531,14388.584388656085
948,8.54054054054054,14429.047487829479
949,8.54954954954955,14468.696873358293
950,8.558558558558559,14507.125134853637
951,8.567567567567567,14545.271605912381
952,8.576576576576576,14582.413913565484
953,8.585585585585585,14616.777922589376
954,8.594594594594595,14650.882985806178
955,8.603603603603604,14686.996029520273
956,8.612612612612612,14723.02596499672
957,8.621621621621621,14758.764419305697
958,8.63063063063063,14794.695475025484
959,8.63963963963964,14831.831112675507
960,8.64864864864865,14864.362654610592
961,8.657657657657657,14895.53498147497
962,8.666666666666666,14926.449316017262
963,8.675675675675675,14957.488185866094
964,8.684684684684685,14989.221987495856
965,8.693693693693694,15023.283698639052
966,8.702702702702702,15057.354169819313
967,8.711711711711711,15091.153769368095
968,8.72072072072072,15124.796968288447
969,8.72972972972973,15160.885089841662
970,8.73873873873874,15195.932779352202
971,8.747747747747749,15230.427421062692
972,8.756756756756756,15264.657059583758
973,8.765765765765765,15298.623553768244
974,8.774774774774775,15327.958583052476
975,8.783783783783784,15360.110981093616
976,8.792792792792794,15392.547078366755
977,8.801801801801801,15424.694949265337
978,8.81081081081081,15464.727482082208
979,8.81981981981982,15526.271882950294
980,8.82882882882883,15588.597797657116
981,8.837837837837839,15651.380717548673
982,8.846846846846846,15713.977853330087
983,8.855855855855856,15776.389760507282
984,8.864864864864865,15837.847807224955
985,8.873873873873874,15897.820168719936
986,8.882882882882884,15953.614534870401
987,8.891891891891891,16009.242865823624
988,8.9009009009009,16064.70566109804
989,8.90990990990991,16120.737240493736
990,8.91891891891892,16176.450748471978
991,8.927927927927929,16211.675331401506
992,8.936936936936936,16244.61321079502
993,8.945945945945946,16277.351028766332
994,8.954954954954955,16271.369740103359
995,8.963963963963964,16215.511469674298
996,8.972972972972974,16133.967500838067
997,8.981981981981981,16052.752316620034
998,8.99099099099099,15971.864327592783
999,9.0,15838.56368040831
