,H,Sxy
0,0.0,-27331.926896843688
1,0.009009009009009009,-30327.325481242853
2,0.018018018018018018,-34695.29085001467
3,0.02702702702702703,-39046.70588238329
4,0.036036036036036036,-43388.50872710837
5,0.04504504504504504,-50510.40574278908
6,0.05405405405405406,-60864.229090581626
7,0.06306306306306306,-70763.40044942542
8,0.07207207207207207,-80639.20476812375
9,0.08108108108108109,-90491.41689160222
10,0.09009009009009009,-100334.38804254541
11,0.0990990990990991,-109302.95176354528
12,0.10810810810810811,-115067.38557453004
13,0.11711711711711711,-120603.40398616747
14,0.12612612612612611,-126069.08895414186
15,0.13513513513513514,-131685.15353670192
16,0.14414414414414414,-140014.2000091885
17,0.15315315315315314,-151940.31647170844
18,0.16216216216216217,-163751.78867226568
19,0.17117117117117117,-175449.29508233906
20,0.18018018018018017,-187063.5641439348
21,0.1891891891891892,-198580.56216334784
22,0.1981981981981982,-206489.90226019477
23,0.2072072072072072,-214319.11756535768
24,0.21621621621621623,-222068.9204938798
25,0.22522522522522523,-229780.27792065273
26,0.23423423423423423,-237668.58999750984
27,0.24324324324324323,-244960.60421238848
28,0.25225225225225223,-252178.33467910567
29,0.26126126126126126,-259322.4563051816
30,0.2702702702702703,-266393.63904731226
31,0.27927927927927926,-273534.4119645445
32,0.2882882882882883,-280157.0906574273
33,0.2972972972972973,-286622.3462924685
34,0.3063063063063063,-293007.54676603875
35,0.3153153153153153,-299313.63499779743
36,0.32432432432432434,-305779.20726942155
37,0.3333333333333333,-311965.3327909487
38,0.34234234234234234,-318058.0485437647
39,0.35135135135135137,-324075.0782625156
40,0.36036036036036034,-330017.3135108569
41,0.36936936936936937,-335836.02054271114
42,0.3783783783783784,-340921.9275263327
43,0.38738738738738737,-345725.81564313895
44,0.3963963963963964,-350460.1173516273
45,0.40540540540540543,-355125.8109112748
46,0.4144144144144144,-360064.14082667645
47,0.42342342342342343,-365292.664538318
48,0.43243243243243246,-370438.4545778029
49,0.44144144144144143,-375510.05018389184
50,0.45045045045045046,-380508.4755407042
51,0.45945945945945943,-385401.2688588951
52,0.46846846846846846,-389902.3459169045
53,0.4774774774774775,-393972.4726285623
54,0.48648648648648646,-397847.5976805779
55,0.4954954954954955,-401656.1244256704
56,0.5045045045045045,-405397.2696820852
57,0.5135135135135135,-409014.9504779671
58,0.5225225225225225,-412422.6728363732
59,0.5315315315315315,-415771.16244671756
60,0.5405405405405406,-419061.381826736
61,0.5495495495495496,-421718.0984105468
62,0.5585585585585585,-422999.0644952581
63,0.5675675675675675,-424017.1330272284
64,0.5765765765765766,-424337.4426699859
65,0.5855855855855856,-424283.8380821077
66,0.5945945945945946,-425001.39539655764
67,0.6036036036036035,-428398.0305067298
68,0.6126126126126126,-431686.8740985718
69,0.6216216216216216,-434894.83679143176
70,0.6306306306306306,-438023.69542541844
71,0.6396396396396397,-441451.17483830306
72,0.6486486486486487,-444158.3769343345
73,0.6576576576576576,-446645.5570236021
74,0.6666666666666666,-448854.6459066108
75,0.6756756756756757,-450982.35852513317
76,0.6846846846846847,-452965.2735917781
77,0.6936936936936937,-454559.3189011339
78,0.7027027027027027,-455826.8346132635
79,0.7117117117117117,-457017.25706201
80,0.7207207207207207,-458177.3976264312
81,0.7297297297297297,-459286.1913457401
82,0.7387387387387387,-460571.6688583377
83,0.7477477477477478,-461913.1936341146
84,0.7567567567567568,-463233.0764279266
85,0.7657657657657657,-464525.6144179527
86,0.7747747747747747,-465781.3724498777
87,0.7837837837837838,-466628.53831157484
88,0.7927927927927928,-467157.38858021324
89,0.8018018018018018,-467664.89963961125
90,0.8108108108108109,-468151.5022706312
91,0.8198198198198198,-468617.61811814614
92,0.8288288288288288,-469343.26268896065
93,0.8378378378378378,-470205.0325806227
94,0.8468468468468469,-471035.9724187773
95,0.8558558558558559,-470880.57753038785
96,0.8648648648648649,-470706.2955906621
97,0.8738738738738738,-470334.65514640085
98,0.8828828828828829,-469725.0613374862
99,0.8918918918918919,-469015.46386556595
100,0.9009009009009009,-468298.4332515644
101,0.9099099099099099,-467574.26892006554
102,0.9189189189189189,-466912.0080556301
103,0.9279279279279279,-466249.1413349654
104,0.9369369369369369,-465583.5169723428
105,0.9459459459459459,-465034.8109383723
106,0.954954954954955,-465282.48515019036
107,0.963963963963964,-465526.73383941664
108,0.9729729729729729,-465664.8868197146
109,0.9819819819819819,-465672.9703448008
110,0.990990990990991,-465669.03639648197
111,1.0,-465653.3380850718
112,1.009009009009009,-465721.24027016055
113,1.018018018018018,-465844.99212721
114,1.027027027027027,-465901.8142989992
115,1.0360360360360361,-465945.68214323773
116,1.045045045045045,-465976.8671620017
117,1.054054054054054,-465884.3628324484
118,1.063063063063063,-465640.51313764864
119,1.072072072072072,-465188.7337649043
120,1.0810810810810811,-464731.7969330026
121,1.09009009009009,-464269.8429972258
122,1.0990990990990992,-463729.03674403805
123,1.1081081081081081,-463061.8235387298
124,1.117117117117117,-462360.02219525503
125,1.1261261261261262,-461659.211517863
126,1.135135135135135,-460956.31837537966
127,1.1441441441441442,-460322.4135668473
128,1.1531531531531531,-460018.79672600137
129,1.162162162162162,-459598.81614080694
130,1.1711711711711712,-459172.8715670398
131,1.1801801801801801,-458741.1231218279
132,1.1891891891891893,-458151.7289701371
133,1.1981981981981982,-457146.7587491811
134,1.207207207207207,-456033.8243682674
135,1.2162162162162162,-454833.5690531996
136,1.2252252252252251,-453620.73851917824
137,1.2342342342342343,-452413.56664534454
138,1.2432432432432432,-451642.5741340001
139,1.2522522522522523,-451073.21654876735
140,1.2612612612612613,-450500.3093994023
141,1.2702702702702702,-449923.97234620457
142,1.2792792792792793,-449344.3221978584
143,1.2882882882882882,-448638.9824433735
144,1.2972972972972974,-447840.57086982153
145,1.3063063063063063,-446645.25448567537
146,1.3153153153153152,-444102.58263526653
147,1.3243243243243243,-441551.75219723163
148,1.3333333333333333,-439024.31780561747
149,1.3423423423423424,-436430.95248110784
150,1.3513513513513513,-433852.5118876577
151,1.3603603603603605,-431304.09218924126
152,1.3693693693693694,-428785.17593032826
153,1.3783783783783783,-426226.15445921506
154,1.3873873873873874,-423572.3480024756
155,1.3963963963963963,-420923.4668662577
156,1.4054054054054055,-419101.8099013065
157,1.4144144144144144,-418190.8833165356
158,1.4234234234234233,-417427.0977634711
159,1.4324324324324325,-417048.6000349251
160,1.4414414414414414,-416674.681642318
161,1.4504504504504505,-416297.1159825695
162,1.4594594594594594,-415915.9937661218
163,1.4684684684684683,-415347.64476354996
164,1.4774774774774775,-414188.9047048251
165,1.4864864864864864,-412942.5647734803
166,1.4954954954954955,-411716.61448287073
167,1.5045045045045045,-410522.26914227684
168,1.5135135135135136,-409360.6848446671
169,1.5225225225225225,-408257.9957549357
170,1.5315315315315314,-407175.3960873096
171,1.5405405405405406,-406098.0049803495
172,1.5495495495495495,-405025.7917910486
173,1.5585585585585586,-403983.10395751905
174,1.5675675675675675,-402959.40977499966
175,1.5765765765765765,-401878.636266609
176,1.5855855855855856,-400803.15089449607
177,1.5945945945945945,-399701.81261244795
178,1.6036036036036037,-398510.46612427797
179,1.6126126126126126,-397088.8348418862
180,1.6216216216216217,-395598.8247696808
181,1.6306306306306306,-394119.8694865606
182,1.6396396396396395,-392651.84721105726
183,1.6486486486486487,-391198.4627912229
184,1.6576576576576576,-390382.9374568754
185,1.6666666666666667,-389618.13265304564
186,1.6756756756756757,-388825.42677886493
187,1.6846846846846846,-388033.36416528636
188,1.6936936936936937,-387133.4631467865
189,1.7027027027027026,-386022.5362487988
190,1.7117117117117118,-384829.22876545234
191,1.7207207207207207,-383643.2015834863
192,1.7297297297297298,-382464.3891070719
193,1.7387387387387387,-381273.88476060267
194,1.7477477477477477,-380038.3592491459
195,1.7567567567567568,-378850.5874911435
196,1.7657657657657657,-377634.53411235433
197,1.7747747747747749,-376416.64425255486
198,1.7837837837837838,-375272.10667076
199,1.7927927927927927,-374490.6835114891
200,1.8018018018018018,-373644.80846585735
201,1.8108108108108107,-372788.0643072614
202,1.8198198198198199,-371934.9729917839
203,1.8288288288288288,-371085.5140869776
204,1.8378378378378377,-370279.7653010061
205,1.8468468468468469,-369429.57473848265
206,1.8558558558558558,-368295.08352651994
207,1.864864864864865,-367015.9932648447
208,1.8738738738738738,-365745.75278431457
209,1.882882882882883,-364502.8814588971
210,1.8918918918918919,-363223.47708632034
211,1.9009009009009008,-361923.0114865205
212,1.90990990990991,-360631.78556749277
213,1.9189189189189189,-359349.70157217013
214,1.927927927927928,-358083.36619169865
215,1.936936936936937,-356878.57914335234
216,1.9459459459459458,-355573.95755279285
217,1.954954954954955,-353486.65649854264
218,1.9639639639639639,-351253.07059818745
219,1.972972972972973,-349053.85422364285
220,1.981981981981982,-346883.98275686475
221,1.990990990990991,-344736.9613499445
222,2.0,-342614.85617112846
223,2.009009009009009,-340517.25196855114
224,2.018018018018018,-338454.8783906194
225,2.027027027027027,-336374.7068960343
226,2.036036036036036,-334201.715470063
227,2.045045045045045,-332113.27854588686
228,2.054054054054054,-330757.46572547575
229,2.063063063063063,-329494.1217212743
230,2.0720720720720722,-328320.4350923481
231,2.081081081081081,-327195.76885115326
232,2.09009009009009,-326078.76305122644
233,2.099099099099099,-324969.33986062725
234,2.108108108108108,-323890.55549907294
235,2.1171171171171173,-322912.36125147826
236,2.126126126126126,-321915.594154044
237,2.135135135135135,-320924.9510009055
238,2.144144144144144,-319951.3301107001
239,2.153153153153153,-318937.065581494
240,2.1621621621621623,-317866.0410389397
241,2.171171171171171,-316756.2313202187
242,2.18018018018018,-315654.08079168614
243,2.189189189189189,-314559.51098216244
244,2.1981981981981984,-313469.9401083206
245,2.2072072072072073,-312366.80570191354
246,2.2162162162162162,-311213.2425302428
247,2.225225225225225,-310067.9606623256
248,2.234234234234234,-308930.872864744
249,2.2432432432432434,-307906.11634481215
250,2.2522522522522523,-307105.2992192389
251,2.2612612612612613,-306399.41648529924
252,2.27027027027027,-305696.6662559821
253,2.279279279279279,-304997.0287208
254,2.2882882882882885,-304300.484223005
255,2.2972972972972974,-303513.67162396206
256,2.3063063063063063,-302606.73230519897
257,2.315315315315315,-301403.3901575057
258,2.324324324324324,-300192.3869751984
259,2.3333333333333335,-298979.2186527437
260,2.3423423423423424,-297921.3908710233
261,2.3513513513513513,-296978.16397602943
262,2.3603603603603602,-296041.6862629794
263,2.369369369369369,-295111.09267719765
264,2.3783783783783785,-294186.32796846365
265,2.3873873873873874,-293023.24619974155
266,2.3963963963963963,-291808.8463388262
267,2.4054054054054053,-290581.8585080217
268,2.414414414414414,-289361.920589672
269,2.4234234234234235,-288151.71563906694
270,2.4324324324324325,-286993.0845906422
271,2.4414414414414414,-285877.73193684063
272,2.4504504504504503,-284775.04498447804
273,2.4594594594594597,-283680.4661041684
274,2.4684684684684686,-282593.9088379919
275,2.4774774774774775,-281566.5727235585
276,2.4864864864864864,-280599.19609714695
277,2.4954954954954953,-279591.07838173804
278,2.5045045045045047,-278236.08737162716
279,2.5135135135135136,-276893.4289849183
280,2.5225225225225225,-275538.60603433585
281,2.5315315315315314,-274262.703172065
282,2.5405405405405403,-273014.0311488802
283,2.5495495495495497,-271776.28738682973
284,2.5585585585585586,-270549.332547426
285,2.5675675675675675,-269335.6210811102
286,2.5765765765765765,-268103.9130845021
287,2.5855855855855854,-266817.184369738
288,2.5945945945945947,-265605.3872705737
289,2.6036036036036037,-264654.9703772692
290,2.6126126126126126,-263714.53246359824
291,2.6216216216216215,-262524.98672138335
292,2.6306306306306304,-261174.73719581368
293,2.6396396396396398,-259837.10608819197
294,2.6486486486486487,-258511.92652429265
295,2.6576576576576576,-257198.82128419663
296,2.6666666666666665,-255918.98057378604
297,2.6756756756756754,-254691.63940059944
298,2.684684684684685,-253527.1640984253
299,2.6936936936936937,-252616.77640883648
300,2.7027027027027026,-251710.0186555837
301,2.7117117117117115,-250799.7079611061
302,2.720720720720721,-249857.1626307918
303,2.72972972972973,-248921.3408436402
304,2.7387387387387387,-247992.17320944936
305,2.7477477477477477,-247069.59126756983
306,2.7567567567567566,-246183.13597561457
307,2.765765765765766,-245324.45560195894
308,2.774774774774775,-244471.57754427666
309,2.7837837837837838,-243617.15215734855
310,2.7927927927927927,-242792.04121540932
311,2.8018018018018016,-242031.0964362789
312,2.810810810810811,-241258.1631558982
313,2.81981981981982,-240490.0892547352
314,2.828828828828829,-239726.82951247902
315,2.8378378378378377,-238968.33926350303
316,2.8468468468468466,-238096.56717622755
317,2.855855855855856,-237179.55896997923
318,2.864864864864865,-236267.22476580317
319,2.873873873873874,-235361.32942019808
320,2.8828828828828827,-234481.43264963658
321,2.8918918918918917,-233649.1449160635
322,2.900900900900901,-232947.35147718864
323,2.90990990990991,-232249.74790245114
324,2.918918918918919,-231556.29688794495
325,2.9279279279279278,-230866.96157017004
326,2.9369369369369367,-230134.44101803837
327,2.945945945945946,-229302.46128429697
328,2.954954954954955,-228449.07957293614
329,2.963963963963964,-227601.60504283625
330,2.972972972972973,-226759.51192586726
331,2.981981981981982,-225942.17878593277
332,2.990990990990991,-225220.8844472412
333,3.0,-224511.51461717143
334,3.009009009009009,-223806.49305251252
335,3.018018018018018,-223105.7806078145
336,3.027027027027027,-222385.2537544485
337,3.036036036036036,-221608.16123519366
338,3.045045045045045,-220826.36503325138
339,3.054054054054054,-220049.6970207552
340,3.063063063063063,-219278.10904414978
341,3.0720720720720722,-218519.13806692467
342,3.081081081081081,-217783.9642469523
343,3.09009009009009,-217053.80181470717
344,3.099099099099099,-216328.32563876445
345,3.108108108108108,-215607.49198980228
346,3.1171171171171173,-214892.55667283307
347,3.126126126126126,-214268.19130999089
348,3.135135135135135,-213660.01822997985
349,3.144144144144144,-212869.18736151603
350,3.153153153153153,-211929.0983665261
351,3.1621621621621623,-210990.82352176897
352,3.171171171171171,-210025.01076670203
353,3.18018018018018,-209037.12059098962
354,3.189189189189189,-208057.70445927815
355,3.198198198198198,-207086.65931146572
356,3.2072072072072073,-206123.80705023988
357,3.2162162162162162,-205156.32984201415
358,3.225225225225225,-204136.6957866202
359,3.234234234234234,-203125.97491546764
360,3.2432432432432434,-202283.62887166292
361,3.2522522522522523,-201534.5454741721
362,3.2612612612612613,-200758.3926533413
363,3.27027027027027,-200004.8104887438
364,3.279279279279279,-199253.45480919606
365,3.2882882882882885,-198507.2570526125
366,3.2972972972972974,-197766.16695152005
367,3.3063063063063063,-197106.55622760134
368,3.315315315315315,-196508.24714837677
369,3.324324324324324,-195913.50614594613
370,3.3333333333333335,-195322.30176858982
371,3.3423423423423424,-194710.54833853885
372,3.3513513513513513,-194063.3160158726
373,3.3603603603603602,-193348.0747590956
374,3.369369369369369,-192614.54532869966
375,3.3783783783783785,-191886.12169971017
376,3.3873873873873874,-191162.75332487508
377,3.3963963963963963,-190441.8761396482
378,3.4054054054054053,-189737.59026767968
379,3.414414414414414,-189038.80066451195
380,3.4234234234234235,-188344.7676698306
381,3.4324324324324325,-187659.21978859158
382,3.4414414414414414,-186989.33768657845
383,3.4504504504504503,-186328.86586817616
384,3.4594594594594597,-185539.76243230604
385,3.4684684684684686,-184722.973763447
386,3.4774774774774775,-183912.68262413974
387,3.4864864864864864,-183107.1656581277
388,3.4954954954954953,-182298.34162723433
389,3.5045045045045047,-181493.65938501578
390,3.5135135135135136,-180695.3486571502
391,3.5225225225225225,-179903.33842267955
392,3.5315315315315314,-179242.27926773264
393,3.5405405405405403,-178672.94936393382
394,3.5495495495495497,-178105.0565946923
395,3.5585585585585586,-177540.66441277397
396,3.5675675675675675,-176979.7411971332
397,3.5765765765765765,-176378.39036197442
398,3.5855855855855854,-175677.22976198557
399,3.5945945945945947,-174958.36675017845
400,3.6036036036036037,-174244.57544177238
401,3.6126126126126126,-173535.8062524344
402,3.6216216216216215,-172858.26491828373
403,3.6306306306306304,-172295.4163507608
404,3.6396396396396398,-171753.96344563097
405,3.6486486486486487,-171215.7649660868
406,3.6576576576576576,-170680.79248403932
407,3.6666666666666665,-170149.01789469388
408,3.6756756756756754,-169597.864013608
409,3.684684684684685,-168999.68567317422
410,3.6936936936936937,-168405.3312774751
411,3.7027027027027026,-167814.7662457157
412,3.7117117117117115,-167227.95639789142
413,3.720720720720721,-166649.56234913378
414,3.72972972972973,-166060.90517742903
415,3.7387387387387387,-165476.0589569158
416,3.7477477477477477,-164894.9886089637
417,3.7567567567567566,-164317.6594699049
418,3.765765765765766,-163787.28310416575
419,3.774774774774775,-163300.45982694667
420,3.7837837837837838,-162816.4531450263
421,3.7927927927927927,-162335.23912076728
422,3.8018018018018016,-161856.79408325913
423,3.810810810810811,-161360.26901391364
424,3.81981981981982,-160746.46855951604
425,3.828828828828829,-160042.3450543875
426,3.8378378378378377,-159343.72914394675
427,3.8468468468468466,-158650.56029492687
428,3.855855855855856,-157961.01578167317
429,3.864864864864865,-157269.64971477425
430,3.873873873873874,-156583.1887582045
431,3.8828828828828827,-155902.04781112363
432,3.8918918918918917,-155304.4370041923
433,3.900900900900901,-154760.8037013879
434,3.90990990990991,-154220.91299511597
435,3.918918918918919,-153680.25818041535
436,3.9279279279279278,-153143.0796888566
437,3.9369369369369367,-152609.34572852388
438,3.945945945945946,-152076.5160041039
439,3.954954954954955,-151532.8838996296
440,3.963963963963964,-150988.53749583405
441,3.972972972972973,-150447.71509533064
442,3.981981981981982,-149910.38450513632
443,3.990990990990991,-149374.61279498425
444,4.0,-148819.22333303202
445,4.009009009009009,-148251.06540517515
446,4.018018018018018,-147684.24909517748
447,4.027027027027027,-147121.20356030003
448,4.036036036036036,-146569.01254842532
449,4.045045045045045,-146069.1863153467
450,4.054054054054054,-145581.74152876684
451,4.063063063063063,-145097.31005605476
452,4.072072072072072,-144615.86527502563
453,4.081081081081081,-144133.3229767765
454,4.09009009009009,-143606.23357989697
455,4.099099099099099,-143041.62845760008
456,4.108108108108108,-142344.7208910629
457,4.117117117117117,-141653.55165168305
458,4.126126126126126,-140968.4300612262
459,4.135135135135135,-140336.35190137115
460,4.1441441441441444,-139720.23273054633
461,4.153153153153153,-139108.92412971635
462,4.162162162162162,-138502.37340749087
463,4.171171171171171,-137900.52860874942
464,4.18018018018018,-137308.1636081419
465,4.1891891891891895,-136720.5073640722
466,4.198198198198198,-136150.24704709343
467,4.207207207207207,-135751.1624326497
468,4.216216216216216,-135354.28842673564
469,4.225225225225225,-134984.2624345457
470,4.2342342342342345,-134569.46996230597
471,4.243243243243243,-134157.03275947625
472,4.252252252252252,-133746.93173374425
473,4.261261261261261,-133339.14799218663
474,4.27027027027027,-132867.83219432124
475,4.2792792792792795,-132397.16802264247
476,4.288288288288288,-131929.40340461023
477,4.297297297297297,-131464.51349481833
478,4.306306306306306,-131002.47371834522
479,4.315315315315315,-130585.7483044121
480,4.324324324324325,-130190.58636432518
481,4.333333333333333,-129797.65749607485
482,4.342342342342342,-129406.94359078768
483,4.351351351351351,-129018.42672934488
484,4.36036036036036,-128607.87122035715
485,4.36936936936937,-128179.17081327486
486,4.378378378378378,-127753.33091203606
487,4.387387387387387,-127330.05956993025
488,4.396396396396397,-126909.33484957859
489,4.405405405405405,-126493.29749615928
490,4.414414414414415,-126040.18030752821
491,4.423423423423423,-125587.16419435019
492,4.4324324324324325,-125136.9695544382
493,4.441441441441442,-124689.5719794182
494,4.45045045045045,-124247.20035666958
495,4.45945945945946,-123867.19321671744
496,4.468468468468468,-123487.2844721541
497,4.4774774774774775,-123109.53635176049
498,4.486486486486487,-122733.93128334005
499,4.495495495495495,-122351.38833018117
500,4.504504504504505,-121905.42149140892
501,4.513513513513513,-121443.90064275532
502,4.5225225225225225,-120985.26044681054
503,4.531531531531532,-120529.47636843356
504,4.54054054054054,-120079.46445823806
505,4.54954954954955,-119732.69701099794
506,4.558558558558558,-119374.77319866206
507,4.5675675675675675,-119014.04989911434
508,4.576576576576577,-118655.3786688202
509,4.585585585585585,-118288.66344158618
510,4.594594594594595,-117858.77958067959
511,4.603603603603603,-117418.95942074459
512,4.612612612612613,-116981.90799889533
513,4.621621621621622,-116547.60134210753
514,4.63063063063063,-116116.01573963025
515,4.63963963963964,-115715.55305594973
516,4.648648648648648,-115275.01040303764
517,4.657657657657658,-114723.89045919836
518,4.666666666666667,-114139.68631358618
519,4.675675675675675,-113560.48981401461
520,4.684684684684685,-113002.18263779869
521,4.693693693693693,-112440.24489222598
522,4.702702702702703,-111883.05116261402
523,4.711711711711712,-111330.5462626143
524,4.7207207207207205,-110782.67581748447
525,4.72972972972973,-110214.88223083591
526,4.738738738738738,-109686.91475576721
527,4.747747747747748,-109198.33087141106
528,4.756756756756757,-108790.28420238387
529,4.7657657657657655,-108384.79468803233
530,4.774774774774775,-108026.57069751022
531,4.783783783783783,-107713.22630016586
532,4.792792792792793,-107401.60363892415
533,4.801801801801802,-107091.68903579933
534,4.8108108108108105,-106783.4689538408
535,4.81981981981982,-106406.73561719267
536,4.828828828828828,-106017.45017289752
537,4.837837837837838,-105630.53708352528
538,4.846846846846847,-105241.98398996308
539,4.8558558558558556,-104850.93659446509
540,4.864864864864865,-104480.18192812098
541,4.873873873873874,-104132.4438690385
542,4.882882882882883,-103786.74879549105
543,4.891891891891892,-103443.07991112742
544,4.900900900900901,-103101.42059561847
545,4.90990990990991,-102748.52165147934
546,4.918918918918919,-102353.41124656002
547,4.927927927927928,-101961.34490703572
548,4.936936936936937,-101571.68730772163
549,4.945945945945946,-101177.91330853249
550,4.954954954954955,-100795.9203677024
551,4.963963963963964,-100506.68929385404
552,4.972972972972973,-100219.0178288166
553,4.981981981981982,-99932.89386452801
554,4.990990990990991,-99648.30541463222
555,5.0,-99360.49823111876
556,5.009009009009009,-99022.13471400936
557,5.018018018018018,-98676.01641955071
558,5.027027027027027,-98331.85307520001
559,5.036036036036036,-98031.07088184307
560,5.045045045045045,-97760.52687904063
561,5.054054054054054,-97508.42842294597
562,5.063063063063063,-97259.20219602008
563,5.072072072072072,-97011.13348555902
564,5.081081081081081,-96764.21467347446
565,5.09009009009009,-96518.43820602528
566,5.099099099099099,-96258.71421982425
567,5.108108108108108,-95939.5504105829
568,5.117117117117117,-95624.41612530901
569,5.126126126126126,-95311.06509769507
570,5.135135135135135,-94999.48333770016
571,5.1441441441441444,-94724.53968088426
572,5.153153153153153,-94464.16177369785
573,5.162162162162162,-94205.12348986583
574,5.171171171171171,-93947.41492585164
575,5.18018018018018,-93691.0262728074
576,5.1891891891891895,-93382.75304541495
577,5.198198198198198,-93055.5666841453
578,5.207207207207207,-92723.64219273081
579,5.216216216216216,-92387.71556324171
580,5.225225225225225,-92053.78201137633
581,5.2342342342342345,-91736.15683652679
582,5.243243243243243,-91406.35886241852
583,5.252252252252252,-91078.50439860637
584,5.261261261261261,-90752.57783934892
585,5.27027027027027,-90428.56373657219
586,5.2792792792792795,-90108.4694538481
587,5.288288288288288,-89792.52276540456
588,5.297297297297297,-89418.99827736206
589,5.306306306306306,-88999.42517058834
590,5.315315315315315,-88583.01361853683
591,5.324324324324325,-88172.36607789913
592,5.333333333333333,-87770.02631118939
593,5.342342342342342,-87370.68802796587
594,5.351351351351351,-86974.32075422828
595,5.36036036036036,-86580.89440496791
596,5.36936936936937,-86196.61270648363
597,5.378378378378378,-85834.41167106314
598,5.387387387387387,-85486.80294784028
599,5.396396396396397,-85207.67614082369
600,5.405405405405405,-84868.22512957979
601,5.414414414414415,-84527.07126393083
602,5.423423423423423,-84188.0410992782
603,5.4324324324324325,-83851.32547536385
604,5.441441441441442,-83516.90258547875
605,5.45045045045045,-83184.75088297944
606,5.45945945945946,-82855.2392333954
607,5.468468468468468,-82514.56076082654
608,5.4774774774774775,-82172.96748360577
609,5.486486486486487,-81833.49703012567
610,5.495495495495495,-81562.89936944761
611,5.504504504504505,-81346.9387073145
612,5.513513513513513,-81114.68405841058
613,5.5225225225225225,-80876.65048315014
614,5.531531531531532,-80639.75739576344
615,5.54054054054054,-80403.99735710847
616,5.54954954954955,-80169.36298909174
617,5.558558558558558,-79963.9598347211
618,5.5675675675675675,-79721.337237884
619,5.576576576576577,-79468.61965624995
620,5.585585585585585,-79214.13257167937
621,5.594594594594595,-78956.0901128019
622,5.603603603603603,-78711.18884264669
623,5.612612612612613,-78463.49336251013
624,5.621621621621622,-78217.16353924078
625,5.63063063063063,-77972.18886499603
626,5.63963963963964,-77728.55893486904
627,5.648648648648648,-77436.1491577056
628,5.657657657657658,-77133.21249496735
629,5.666666666666667,-76840.79112124375
630,5.675675675675675,-76550.66952539881
631,5.684684684684685,-76264.84917346411
632,5.693693693693693,-76021.04231913938
633,5.702702702702703,-75805.14771962524
634,5.711711711711712,-75590.3439369174
635,5.7207207207207205,-75376.62323122223
636,5.72972972972973,-75163.97793289393
637,5.738738738738738,-74897.04439779824
638,5.747747747747748,-74599.15803470199
639,5.756756756756757,-74302.97009059963
640,5.7657657657657655,-73993.20066632853
641,5.774774774774775,-73685.9300018269
642,5.783783783783783,-73427.39711857216
643,5.792792792792793,-73264.07659369368
644,5.801801801801802,-73101.47178897653
645,5.8108108108108105,-72939.5780579497
646,5.81981981981982,-72778.39079393753
647,5.828828828828828,-72593.12375203354
648,5.837837837837838,-72321.77570377756
649,5.846846846846847,-72051.97677546856
650,5.8558558558558556,-71784.57677211467
651,5.864864864864865,-71519.0052585831
652,5.873873873873873,-71214.16075021306
653,5.882882882882883,-70910.00986918724
654,5.891891891891892,-70607.90974018499
655,5.900900900900901,-70307.84173908188
656,5.90990990990991,-70009.7874534559
657,5.918918918918919,-69714.34245797659
658,5.927927927927928,-69433.93630517444
659,5.936936936936937,-69155.36623033546
660,5.945945945945946,-68910.51448784141
661,5.954954954954955,-68625.97561203844
662,5.963963963963964,-68343.34522537464
663,5.972972972972973,-68040.79620118224
664,5.981981981981982,-67738.63860696452
665,5.990990990990991,-67438.55189976761
666,6.0,-67140.51708682626
667,6.009009009009009,-66845.86210235569
668,6.018018018018018,-66579.24145776461
669,6.027027027027027,-66314.1297554703
670,6.036036036036036,-66050.06837242379
671,6.045045045045045,-65812.79366763419
672,6.054054054054054,-65602.3949370792
673,6.063063063063063,-65387.59456962316
674,6.072072072072072,-65172.015725098194
675,6.081081081081081,-64957.60355061078
676,6.09009009009009,-64744.349435005235
677,6.099099099099099,-64532.24484716508
678,6.108108108108108,-64317.69503425972
679,6.117117117117117,-64101.98798488669
680,6.126126126126126,-63888.48776462102
681,6.135135135135135,-63687.84842745034
682,6.1441441441441444,-63482.096343003686
683,6.153153153153153,-63267.92213715111
684,6.162162162162162,-63048.73232019553
685,6.171171171171171,-62830.72532512504
686,6.18018018018018,-62613.89258410985
687,6.1891891891891895,-62398.22560691042
688,6.198198198198198,-62201.46905382928
689,6.207207207207207,-62024.08166392744
690,6.216216216216216,-61847.575076070556
691,6.225225225225225,-61671.94319984256
692,6.2342342342342345,-61495.5690507346
693,6.243243243243243,-61320.76370444919
694,6.252252252252252,-61120.9241654339
695,6.261261261261261,-60922.08668118742
696,6.27027027027027,-60724.24452960482
697,6.2792792792792795,-60527.391044880205
698,6.288288288288288,-60335.749348496465
699,6.297297297297297,-60150.83200126855
700,6.306306306306306,-59966.81730302554
701,6.315315315315315,-59783.699299359345
702,6.324324324324325,-59598.487047768016
703,6.333333333333333,-59409.8007057758
704,6.342342342342342,-59224.06285814575
705,6.351351351351351,-59039.25736438287
706,6.36036036036036,-58855.377884382906
707,6.36936936936937,-58672.41813217393
708,6.378378378378378,-58489.44703413325
709,6.387387387387387,-58306.474011210834
710,6.396396396396396,-58124.41469826657
711,6.405405405405405,-57933.30626196104
712,6.414414414414415,-57734.52384266079
713,6.423423423423423,-57543.36505100888
714,6.4324324324324325,-57349.767976615556
715,6.441441441441442,-57157.06974270136
716,6.45045045045045,-56965.389060549285
717,6.45945945945946,-56774.718697755714
718,6.468468468468468,-56584.951008339835
719,6.4774774774774775,-56406.59255346768
720,6.486486486486487,-56232.31164835826
721,6.495495495495495,-56059.911572328434
722,6.504504504504505,-55891.211306545556
723,6.513513513513513,-55722.70510876948
724,6.5225225225225225,-55527.75753123828
725,6.531531531531532,-55332.29629347155
726,6.54054054054054,-55137.865872136186
727,6.54954954954955,-54944.45904593571
728,6.558558558558558,-54752.06865653951
729,6.5675675675675675,-54554.35900065624
730,6.576576576576577,-54360.63615934313
731,6.585585585585585,-54167.9316996539
732,6.594594594594595,-53947.79162846433
733,6.603603603603603,-53708.11800209804
734,6.612612612612613,-53503.22298867286
735,6.621621621621622,-53307.960730928506
736,6.63063063063063,-53113.899901821096
737,6.63963963963964,-52921.03032868649
738,6.648648648648648,-52729.34194778386
739,6.657657657657658,-52520.02878089566
740,6.666666666666667,-52299.76323351528
741,6.675675675675675,-52080.916355140085
742,6.684684684684685,-51868.8081776526
743,6.693693693693693,-51700.67245841259
744,6.702702702702703,-51532.2508809289
745,6.711711711711712,-51330.64960469425
746,6.7207207207207205,-51130.1410277728
747,6.72972972972973,-50930.82915238302
748,6.738738738738738,-50732.70444107604
749,6.747747747747748,-50536.743282996795
750,6.756756756756757,-50343.95887048514
751,6.7657657657657655,-50152.30993509412
752,6.774774774774775,-49962.00958802775
753,6.783783783783783,-49803.77680227323
754,6.792792792792793,-49638.13391476795
755,6.801801801801802,-49469.80465432161
756,6.8108108108108105,-49302.344734001184
757,6.81981981981982,-49135.74816229326
758,6.828828828828828,-48970.008999195095
759,6.837837837837838,-48803.83129461632
760,6.846846846846847,-48628.54812074737
761,6.8558558558558556,-48454.18129741199
762,6.864864864864865,-48280.72450622107
763,6.873873873873873,-48106.97342743305
764,6.882882882882883,-47928.12988787724
765,6.891891891891892,-47768.79522794828
766,6.900900900900901,-47615.82953766918
767,6.90990990990991,-47463.64684865745
768,6.918918918918919,-47312.24173737656
769,6.927927927927928,-47161.57000917911
770,6.936936936936937,-46994.22936499546
771,6.945945945945946,-46825.77949899335
772,6.954954954954955,-46658.22025032172
773,6.963963963963964,-46492.8517665894
774,6.972972972972973,-46334.83412172081
775,6.981981981981982,-46159.41510323405
776,6.990990990990991,-45981.81692102928
777,7.0,-45805.15433411594
778,7.009009009009009,-45629.42093390013
779,7.018018018018018,-45454.89983902979
780,7.027027027027027,-45299.11267905472
781,7.036036036036036,-45157.235059259954
782,7.045045045045045,-45016.05506345549
783,7.054054054054054,-44875.56807399557
784,7.063063063063063,-44735.19673776946
785,7.072072072072072,-44588.132829463255
786,7.081081081081081,-44432.99572806519
787,7.09009009009009,-44278.674223094524
788,7.099099099099099,-44125.1626037047
789,7.108108108108108,-43972.45520889402
790,7.117117117117117,-43815.4336666455
791,7.126126126126126,-43660.18312201221
792,7.135135135135135,-43505.748703444035
793,7.1441441441441444,-43352.12472389359
794,7.153153153153153,-43199.30554561213
795,7.162162162162162,-43046.972286225
796,7.171171171171171,-42894.22415245689
797,7.18018018018018,-42742.27355343247
798,7.1891891891891895,-42591.11498059394
799,7.198198198198198,-42440.742972674234
800,7.207207207207207,-42295.5912698336
801,7.216216216216216,-42152.457399381216
802,7.225225225225225,-42010.05545729974
803,7.2342342342342345,-41868.38045800608
804,7.243243243243243,-41728.2941438126
805,7.252252252252252,-41583.3966241962
806,7.261261261261261,-41423.44504373458
807,7.27027027027027,-41263.77108007819
808,7.2792792792792795,-41104.943378149255
809,7.288288288288288,-40946.95609893543
810,7.297297297297297,-40794.89123945721
811,7.306306306306306,-40665.07651324042
812,7.315315315315315,-40537.202498893785
813,7.324324324324325,-40409.96099618198
814,7.333333333333333,-40285.35267697753
815,7.342342342342342,-40162.65434684865
816,7.351351351351351,-40015.814010374306
817,7.36036036036036,-39870.57382021035
818,7.36936936936937,-39726.05924160619
819,7.378378378378378,-39582.26555322006
820,7.387387387387387,-39436.078362646265
821,7.396396396396396,-39285.100271722775
822,7.405405405405405,-39137.44473238045
823,7.414414414414415,-38990.52932733806
824,7.423423423423423,-38844.349257565395
825,7.4324324324324325,-38701.809602552246
826,7.441441441441442,-38573.32355968115
827,7.45045045045045,-38443.598582991835
828,7.45945945945946,-38307.51543177027
829,7.468468468468468,-38172.15479026597
830,7.4774774774774775,-38040.25687035652
831,7.486486486486487,-37912.52197941145
832,7.495495495495495,-37782.63419858236
833,7.504504504504505,-37653.4254648055
834,7.513513513513513,-37524.89103619083
835,7.5225225225225225,-37397.004322555695
836,7.531531531531532,-37250.4644382172
837,7.54054054054054,-37099.55264517349
838,7.54954954954955,-36949.466832060905
839,7.558558558558558,-36800.20113455873
840,7.5675675675675675,-36651.74973968202
841,7.576576576576577,-36508.218451704575
842,7.585585585585585,-36380.17990026439
843,7.594594594594595,-36252.809534948916
844,7.603603603603603,-36126.10272845074
845,7.612612612612613,-36005.095133802555
846,7.621621621621622,-35890.50080759398
847,7.63063063063063,-35768.54002179468
848,7.63963963963964,-35647.157713767
849,7.648648648648648,-35526.350297540535
850,7.657657657657658,-35406.114214644454
851,7.666666666666667,-35289.39296706979
852,7.675675675675675,-35181.97798095485
853,7.684684684684685,-35075.05332154515
854,7.693693693693693,-34968.616012074344
855,7.702702702702703,-34862.66309829833
856,7.711711711711712,-34743.247840256845
857,7.7207207207207205,-34600.93631673451
858,7.72972972972973,-34459.51844360812
859,7.738738738738738,-34318.82491937469
860,7.747747747747748,-34178.85100264606
861,7.756756756756757,-34045.61879407363
862,7.7657657657657655,-33917.734890263266
863,7.774774774774775,-33790.53468476436
864,7.783783783783783,-33663.968951831295
865,7.792792792792793,-33538.03359821366
866,7.801801801801802,-33406.80219738264
867,7.8108108108108105,-33279.485046002854
868,7.81981981981982,-33155.58732391134
869,7.828828828828828,-33032.282658096796
870,7.837837837837838,-32909.56754210751
871,7.846846846846847,-32803.465620496245
872,7.8558558558558556,-32717.42050457022
873,7.864864864864865,-32642.484947242658
874,7.873873873873873,-32567.851442419833
875,7.882882882882883,-32493.518286789713
876,7.891891891891892,-32417.109269582656
877,7.900900900900901,-32293.45622673391
878,7.90990990990991,-32160.0014530989
879,7.918918918918918,-32007.083701784908
880,7.927927927927928,-31855.082839149025
881,7.936936936936937,-31706.023600996436
882,7.945945945945946,-31569.48386477831
883,7.954954954954955,-31438.033343848507
884,7.963963963963964,-31307.34086758014
885,7.972972972972973,-31177.400732528804
886,7.981981981981982,-31064.868514389433
887,7.990990990990991,-30965.332740977952
888,8.0,-30853.137212337882
889,8.00900900900901,-30730.05871102153
890,8.018018018018019,-30607.689979555656
891,8.027027027027026,-30486.025624351056
892,8.036036036036036,-30355.834248397798
893,8.045045045045045,-30224.680163381658
894,8.054054054054054,-30094.29558857912
895,8.063063063063064,-29964.674658322765
896,8.072072072072071,-29835.811562127044
897,8.08108108108108,-29701.070404657257
898,8.09009009009009,-29570.549835924732
899,8.0990990990991,-29462.72091174346
900,8.108108108108109,-29358.150854570253
901,8.117117117117116,-29254.071245541556
902,8.126126126126126,-29156.1824907626
903,8.135135135135135,-29053.824653018615
904,8.144144144144144,-28951.944000207997
905,8.153153153153154,-28850.537654599168
906,8.162162162162161,-28749.60275984788
907,8.17117117117117,-28648.036128134136
908,8.18018018018018,-28545.885939390602
909,8.18918918918919,-28443.84045737462
910,8.198198198198199,-28340.948590504315
911,8.207207207207206,-28238.54703330031
912,8.216216216216216,-28129.85928274365
913,8.225225225225225,-28008.43570214726
914,8.234234234234235,-27887.422662470515
915,8.243243243243244,-27767.00674669881
916,8.252252252252251,-27647.184247886566
917,8.26126126126126,-27541.79939995354
918,8.27027027027027,-27453.137372088204
919,8.27927927927928,-27371.03825584273
920,8.288288288288289,-27294.433825875934
921,8.297297297297296,-27226.676838303654
922,8.306306306306306,-27154.708126045873
923,8.315315315315315,-27071.958773183702
924,8.324324324324325,-26988.020061833104
925,8.333333333333334,-26904.41219775477
926,8.342342342342342,-26821.133507978207
927,8.35135135135135,-26737.87458617674
928,8.36036036036036,-26648.984915686167
929,8.36936936936937,-26559.531281402284
930,8.378378378378379,-26470.49975126579
931,8.387387387387387,-26381.87219828948
932,8.396396396396396,-26294.07199222736
933,8.405405405405405,-26192.007671315434
934,8.414414414414415,-26084.305606401285
935,8.423423423423424,-25977.113576480897
936,8.432432432432432,-25870.428537437292
937,8.441441441441441,-25763.871679291453
938,8.45045045045045,-25657.0644910116
939,8.45945945945946,-25603.583165204123
940,8.468468468468469,-25549.072599027102
941,8.477477477477477,-25494.3333058581
942,8.486486486486486,-25439.720992990267
943,8.495495495495495,-25384.456056594343
944,8.504504504504505,-25333.608593623878
945,8.513513513513514,-25282.877418925942
946,8.522522522522522,-25232.262197541793
947,8.531531531531531,-25181.762595689695
948,8.54054054054054,-25129.852857207265
949,8.54954954954955,-25073.61217967333
950,8.558558558558559,-25017.788783873402
951,8.567567567567567,-24962.52037775347
952,8.576576576576576,-24907.3779650435
953,8.585585585585585,-24847.020512698567
954,8.594594594594595,-24785.97510019638
955,8.603603603603604,-24725.07089799514
956,8.612612612612612,-24664.3075063249
957,8.621621621621621,-24603.684526779678
958,8.63063063063063,-24539.349269689155
959,8.63963963963964,-24466.130473758414
960,8.64864864864865,-24392.27167039066
961,8.657657657657657,-24319.128016582912
962,8.666666666666666,-24246.896873960235
963,8.675675675675675,-24190.237953015327
964,8.684684684684685,-24142.613933424243
965,8.693693693693694,-24101.686076846883
966,8.702702702702702,-24060.84455567132
967,8.711711711711711,-24020.089136997725
968,8.72072072072072,-23973.603158975508
969,8.72972972972973,-23922.070076208696
970,8.73873873873874,-23869.342921617113
971,8.747747747747749,-23816.73242315249
972,8.756756756756756,-23753.791671974024
973,8.765765765765765,-23687.587382402042
974,8.774774774774775,-23624.338160850337
975,8.783783783783784,-23563.910617549493
976,8.792792792792794,-23503.665074869426
977,8.801801801801801,-23443.600838719773
978,8.81081081081081,-23385.229309947328
979,8.81981981981982,-23318.290088349066
980,8.82882882882883,-23258.20812596546
981,8.837837837837839,-23198.263289603296
982,8.846846846846846,-23138.45519907501
983,8.855855855855856,-23077.557669914517
984,8.864864864864865,-23020.199116276046
985,8.873873873873874,-22973.82027375955
986,8.882882882882884,-22927.543082852793
987,8.891891891891891,-22881.367264946908
988,8.9009009009009,-22837.197715299695
989,8.90990990990991,-22793.907651244826
990,8.91891891891892,-22743.66791924184
991,8.927927927927929,-22673.858841145444
992,8.936936936936936,-22604.306999093722
993,8.945945945945946,-22535.01118889635
994,8.954954954954955,-22667.55923834449
995,8.963963963963964,-22859.925483071012
996,8.972972972972974,-23051.3203921669
997,8.981981981981981,-23241.748838927695
998,8.99099099099099,-23431.21567055215
999,9.0,-23619.725708284772
