,H,Sxx
0,0.0,4527174.982029114
1,0.009009009009009009,4527136.830158536
2,0.018018018018018018,4525150.13795854
3,0.02702702702702703,4522639.9192413315
4,0.036036036036036036,4520124.05546717
5,0.04504504504504504,4517541.916527145
6,0.05405405405405406,4514854.91725275
7,0.06306306306306306,4512137.010485423
8,0.07207207207207207,4509378.727156954
9,0.08108108108108109,4506580.291570614
10,0.09009009009009009,4500762.167719041
11,0.0990990990990991,4494155.247051809
12,0.10810810810810811,4487694.906880745
13,0.11711711711711711,4477617.213864026
14,0.12612612612612611,4467216.139520313
15,0.13513513513513514,4456836.707272404
16,0.14414414414414414,4446317.241380058
17,0.15315315315315314,4435565.007621322
18,0.16216216216216217,4424797.533353023
19,0.17117117117117117,4414015.864320475
20,0.18018018018018017,4403124.383598342
21,0.1891891891891892,4391787.637973899
22,0.1981981981981982,4380776.844376377
23,0.2072072072072072,4369789.236563851
24,0.21621621621621623,4358825.1012554
25,0.22522522522522523,4347880.450196738
26,0.23423423423423423,4336931.50132097
27,0.24324324324324323,4326063.589202172
28,0.25225225225225223,4315221.612697868
29,0.26126126126126126,4304405.785175559
30,0.2702702702702703,4293616.31313027
31,0.27927927927927926,4281444.160746672
32,0.2882882882882883,4268668.494313773
33,0.2972972972972973,4255953.537349384
34,0.3063063063063063,4243289.45897571
35,0.3153153153153153,4230676.227509076
36,0.32432432432432434,4218079.17924969
37,0.3333333333333333,4205561.420206221
38,0.34234234234234234,4193096.743584971
39,0.35135135135135137,4180682.645994256
40,0.36036036036036034,4168319.070542226
41,0.36936936936936937,4156014.026957313
42,0.3783783783783784,4142819.3695653756
43,0.38738738738738737,4129066.2452183883
44,0.3963963963963964,4115387.4015268786
45,0.40540540540540543,4101782.4217833155
46,0.4144144144144144,4088190.510004143
47,0.42342342342342343,4074605.1371073667
48,0.43243243243243246,4061091.2695643925
49,0.44144144144144143,4047647.255670018
50,0.45045045045045046,4034272.7728635683
51,0.45945945945945943,4020973.9724729504
52,0.46846846846846846,4007612.7898672265
53,0.4774774774774775,3993348.2312537837
54,0.48648648648648646,3978532.0250146976
55,0.4954954954954955,3963811.380454628
56,0.5045045045045045,3949185.925953349
57,0.5135135135135135,3934666.9346613795
58,0.5225225225225225,3920272.7565375734
59,0.5315315315315315,3905971.545917468
60,0.5405405405405406,3891762.5403597695
61,0.5495495495495496,3877771.896013056
62,0.5585585585585585,3864167.50886008
63,0.5675675675675675,3850620.674649653
64,0.5765765765765766,3834160.7375866636
65,0.5855855855855856,3816269.425805538
66,0.5945945945945946,3798363.96244207
67,0.6036036036036035,3780001.6817307696
68,0.6126126126126126,3761806.566927736
69,0.6216216216216216,3743771.0300087114
70,0.6306306306306306,3725893.1940457653
71,0.6396396396396397,3710257.418941857
72,0.6486486486486487,3696741.3337088055
73,0.6576576576576576,3683355.501720836
74,0.6666666666666666,3669124.4905517837
75,0.6756756756756757,3654854.428886016
76,0.6846846846846847,3640712.0911005256
77,0.6936936936936937,3626759.487673933
78,0.7027027027027027,3612981.8104174277
79,0.7117117117117117,3599315.352825953
80,0.7207207207207207,3585747.317425265
81,0.7297297297297297,3572193.9780798284
82,0.7387387387387387,3557933.3584132344
83,0.7477477477477478,3543756.906123827
84,0.7567567567567568,3529737.6781599056
85,0.7657657657657657,3515849.748049057
86,0.7747747747747747,3502066.1505938647
87,0.7837837837837838,3488487.3126680157
88,0.7927927927927928,3475089.4071174054
89,0.8018018018018018,3461791.020014884
90,0.8108108108108109,3448591.0801518387
91,0.8198198198198198,3435488.5311263
92,0.8288288288288288,3422238.494149476
93,0.8378378378378378,3408839.051318317
94,0.8468468468468469,3395526.925907591
95,0.8558558558558559,3378939.514105562
96,0.8648648648648649,3362510.7537132804
97,0.8738738738738738,3346289.7681406597
98,0.8828828828828829,3330286.8507357663
99,0.8918918918918919,3314460.84810648
100,0.9009009009009009,3298783.2029520883
101,0.9099099099099099,3283251.857391976
102,0.9189189189189189,3267841.786213341
103,0.9279279279279279,3252416.525970729
104,0.9369369369369369,3237133.2660638806
105,0.9459459459459459,3222414.651273348
106,0.954954954954955,3210549.1965038003
107,0.963963963963964,3198764.8080321555
108,0.9729729729729729,3187091.3132784218
109,0.9819819819819819,3175535.455444027
110,0.990990990990991,3164061.3445287677
111,1.0,3152668.1345377397
112,1.009009009009009,3141326.156833703
113,1.018018018018018,3129940.9119158257
114,1.027027027027027,3118475.2673914838
115,1.0360360360360361,3107091.395657152
116,1.045045045045045,3095788.445400837
117,1.054054054054054,3084599.978110335
118,1.063063063063063,3073534.1890581795
119,1.072072072072072,3062608.3459241963
120,1.0810810810810811,3051758.994634084
121,1.09009009009009,3040985.344100098
122,1.0990990990990992,3030309.798950845
123,1.1081081081081081,3019430.857208737
124,1.117117117117117,3008261.727371552
125,1.1261261261261262,2997184.229852255
126,1.135135135135135,2986187.3709446597
127,1.1441441441441442,2975247.7827502834
128,1.1531531531531531,2964281.4008214856
129,1.162162162162162,2953428.9442036203
130,1.1711711711711712,2942654.6194687
131,1.1801801801801801,2931957.5969104753
132,1.1891891891891893,2921385.944262915
133,1.1981981981981982,2911022.34378907
134,1.207207207207207,2900764.1132624717
135,1.2162162162162162,2890293.703427507
136,1.2252252252252251,2879842.651002637
137,1.2342342342342343,2869466.7819212624
138,1.2432432432432432,2859025.852876413
139,1.2522522522522523,2848594.4192237887
140,1.2612612612612613,2838238.043710463
141,1.2702702702702702,2827955.92742537
142,1.2792792792792793,2817747.282637826
143,1.2882882882882882,2807651.5102999853
144,1.2972972972972974,2797657.4176770872
145,1.3063063063063063,2786537.336472123
146,1.3153153153153152,2771397.4809556874
147,1.3243243243243243,2756309.070345235
148,1.3333333333333333,2741385.91214079
149,1.3423423423423424,2726654.553851476
150,1.3513513513513513,2712085.6563385064
151,1.3603603603603605,2697671.575935537
152,1.3693693693693694,2683409.8586025853
153,1.3783783783783783,2669320.7494397447
154,1.3873873873873874,2655419.5840244447
155,1.3963963963963963,2641671.1719410066
156,1.4054054054054055,2630497.805198572
157,1.4144144144144144,2622154.8178088656
158,1.4234234234234233,2613817.2689626967
159,1.4324324324324325,2605406.2397351135
160,1.4414414414414414,2597045.7765943734
161,1.4504504504504505,2588738.107992005
162,1.4594594594594594,2580482.7418263163
163,1.4684684684684683,2572340.137534501
164,1.4774774774774775,2563162.350781326
165,1.4864864864864864,2554048.5069511174
166,1.4954954954954955,2545038.7879250385
167,1.5045045045045045,2536166.357671178
168,1.5135135135135136,2527346.8396357573
169,1.5225225225225225,2518570.858931046
170,1.5315315315315314,2509850.657611072
171,1.5405405405405406,2501190.5490345703
172,1.5495495495495495,2492589.915017101
173,1.5585585585585586,2484040.001415793
174,1.5675675675675675,2475524.788820149
175,1.5765765765765765,2466912.4863193454
176,1.5855855855855856,2458359.819812885
177,1.5945945945945945,2449773.379500254
178,1.6036036036036037,2441234.622221488
179,1.6126126126126126,2432834.7175147953
180,1.6216216216216217,2424518.7297753827
181,1.6306306306306306,2416259.3863262623
182,1.6396396396396395,2408056.110525424
183,1.6486486486486487,2399907.052552788
184,1.6576576576576576,2391602.7714879974
185,1.6666666666666667,2383311.7469325582
186,1.6756756756756757,2374991.007315541
187,1.6846846846846846,2366724.997172313
188,1.6936936936936937,2358500.3765913574
189,1.7027027027027026,2350404.885275154
190,1.7117117117117118,2342394.6303261975
191,1.7207207207207207,2334438.7760843295
192,1.7297297297297298,2326536.770364086
193,1.7387387387387387,2318694.4372799913
194,1.7477477477477477,2310922.4904048857
195,1.7567567567567568,2303189.0186290476
196,1.7657657657657657,2295401.7248751516
197,1.7747747747747749,2287638.5372188753
198,1.7837837837837838,2280121.4041472073
199,1.7927927927927927,2273439.7155428273
200,1.8018018018018018,2266819.7538695256
201,1.8108108108108107,2260243.056292608
202,1.8198198198198199,2253704.366110438
203,1.8288288288288288,2247203.3551743035
204,1.8378378378378377,2240726.075478961
205,1.8468468468468469,2234302.1430348777
206,1.8558558558558558,2227135.137171859
207,1.864864864864865,2219568.33594675
208,1.8738738738738738,2212052.777111668
209,1.882882882882883,2204581.6149292956
210,1.8918918918918919,2197176.0309232646
211,1.9009009009009008,2189830.2248732434
212,1.90990990990991,2182533.3670325573
213,1.9189189189189189,2175284.969846529
214,1.927927927927928,2168082.2759655295
215,1.936936936936937,2160909.228988906
216,1.9459459459459458,2153414.713009141
217,1.954954954954955,2143636.7994576194
218,1.9639639639639639,2133446.515345944
219,1.972972972972973,2123349.686523447
220,1.981981981981982,2113346.5197310895
221,1.990990990990991,2103437.735193027
222,2.0,2093621.188812063
223,2.009009009009009,2083895.6020909671
224,2.018018018018018,2074255.98655924
225,2.027027027027027,2064718.744817904
226,2.036036036036036,2055307.5326172323
227,2.045045045045045,2046158.295538337
228,2.054054054054054,2039218.4197594372
229,2.063063063063063,2032577.6803183658
230,2.0720720720720722,2025953.3123731732
231,2.081081081081081,2019358.414145439
232,2.09009009009009,2012806.309152009
233,2.099099099099099,2006296.5822510326
234,2.108108108108108,1999821.1288772593
235,2.1171171171171173,1993356.250137103
236,2.126126126126126,1986941.1621331219
237,2.135135135135135,1980567.230444763
238,2.144144144144144,1974266.9703737914
239,2.153153153153153,1967932.4770537044
240,2.1621621621621623,1961659.5285688424
241,2.171171171171171,1955441.7256770337
242,2.18018018018018,1949263.2046478947
243,2.189189189189189,1943123.59449758
244,2.1981981981981984,1937023.361270118
245,2.2072072072072073,1930968.284167363
246,2.2162162162162162,1924970.213144825
247,2.225225225225225,1919009.2561657073
248,2.234234234234234,1913085.0701310523
249,2.2432432432432434,1907498.3465387607
250,2.2522522522522523,1902328.1841501042
251,2.2612612612612613,1897155.866298214
252,2.27027027027027,1892011.581688228
253,2.279279279279279,1886895.1031674205
254,2.2882882882882885,1881806.2060291597
255,2.2972972972972974,1876775.6746394252
256,2.3063063063063063,1871813.2047451544
257,2.315315315315315,1865993.0686353033
258,2.324324324324324,1860158.3858108926
259,2.3333333333333335,1854325.5823067175
260,2.3423423423423424,1848332.5586878632
261,2.3513513513513513,1842342.6655079836
262,2.3603603603603602,1836391.20493262
263,2.369369369369369,1830478.0709155747
264,2.3783783783783785,1824602.8944239991
265,2.3873873873873874,1818846.0922825257
266,2.3963963963963963,1813145.3112879382
267,2.4054054054054053,1807478.08539134
268,2.414414414414414,1801838.2764641047
269,2.4234234234234235,1796234.007456671
270,2.4324324324324325,1790747.5095038277
271,2.4414414414414414,1785282.9976717546
272,2.4504504504504503,1779850.2223819476
273,2.4594594594594597,1774450.3529929384
274,2.4684684684684686,1769083.0919813605
275,2.4774774774774775,1763731.3443866372
276,2.4864864864864864,1758394.5826155085
277,2.4954954954954953,1752999.4656341348
278,2.5045045045045047,1746555.0041545413
279,2.5135135135135136,1740157.6342400978
280,2.5225225225225225,1733801.0766463606
281,2.5315315315315314,1727378.45847227
282,2.5405405405405403,1720997.9928423334
283,2.5495495495495497,1714664.427146862
284,2.5585585585585586,1708377.2468545793
285,2.5675675675675675,1702135.1037478342
286,2.5765765765765765,1695947.5875745243
287,2.5855855855855854,1689826.1274355813
288,2.5945945945945947,1683944.4860563471
289,2.6036036036036037,1678880.1051703645
290,2.6126126126126126,1673844.9797931942
291,2.6216216216216215,1668083.636481706
292,2.6306306306306304,1662072.8887847892
293,2.6396396396396398,1656105.1144810608
294,2.6486486486486487,1650179.8564253603
295,2.6576576576576576,1644296.7322646219
296,2.6666666666666665,1638448.460763616
297,2.6756756756756754,1632628.4324065994
298,2.684684684684685,1627012.0273924759
299,2.6936936936936937,1622199.0358414424
300,2.7027027027027026,1617405.8973668318
301,2.7117117117117115,1612644.1068303403
302,2.720720720720721,1607922.5241456656
303,2.72972972972973,1603228.456884925
304,2.7387387387387387,1598561.6656829675
305,2.7477477477477477,1593921.9139376446
306,2.7567567567567566,1589299.5701515002
307,2.765765765765766,1584697.0516305806
308,2.774774774774775,1580121.0875037364
309,2.7837837837837838,1575548.43222429
310,2.7927927927927927,1571076.4649584536
311,2.8018018018018016,1566611.199464718
312,2.810810810810811,1562176.5234172589
313,2.81981981981982,1557766.873837231
314,2.828828828828829,1553382.0395512716
315,2.8378378378378377,1549021.8117542914
316,2.8468468468468466,1544723.2576099173
317,2.855855855855856,1540464.5975953084
318,2.864864864864865,1536229.8396926657
319,2.873873873873874,1532018.215535426
320,2.8828828828828827,1527891.9689148609
321,2.8918918918918917,1523595.2784717348
322,2.900900900900901,1519280.6756588852
323,2.90990990990991,1514990.4384620003
324,2.918918918918919,1510724.3610816062
325,2.9279279279279278,1506482.240029188
326,2.9369369369369367,1502278.7046824307
327,2.945945945945946,1498131.1689888276
328,2.954954954954955,1494014.899099746
329,2.963963963963964,1489921.1224473421
330,2.972972972972973,1485848.160587488
331,2.981981981981982,1481807.0610919413
332,2.990990990990991,1477862.8438910893
333,3.0,1473937.2235939133
334,3.009009009009009,1470032.3869536342
335,3.018018018018018,1466148.169480621
336,3.027027027027027,1462291.9079448725
337,3.036036036036036,1458474.8486137982
338,3.045045045045045,1454680.6527291988
339,3.054054054054054,1450906.0906405551
340,3.063063063063063,1447151.010783927
341,3.0720720720720722,1443412.9128700355
342,3.081081081081081,1439551.1423774676
343,3.09009009009009,1435699.1729751574
344,3.099099099099099,1431867.7335794398
345,3.108108108108108,1428056.660732543
346,3.1171171171171173,1424265.3915888208
347,3.126126126126126,1420467.6203675263
348,3.135135135135135,1416686.1565980734
349,3.144144144144144,1412321.618920608
350,3.153153153153153,1407481.157756865
351,3.1621621621621623,1402675.564326203
352,3.171171171171171,1397970.4304592735
353,3.18018018018018,1393327.0828330477
354,3.189189189189189,1388714.3620505312
355,3.198198198198198,1384131.9672656385
356,3.2072072072072073,1379579.6249700284
357,3.2162162162162162,1375060.9234971588
358,3.225225225225225,1370590.0081749388
359,3.234234234234234,1366147.8972221846
360,3.2432432432432434,1362259.8841063296
361,3.2522522522522523,1358680.5882922723
362,3.2612612612612613,1355129.7230226195
363,3.27027027027027,1351524.784419897
364,3.279279279279279,1347929.164571483
365,3.2882882882882885,1344352.5565970195
366,3.2972972972972974,1340794.8106628547
367,3.3063063063063063,1337232.7541880736
368,3.315315315315315,1333672.3526956611
369,3.324324324324324,1330130.8522515576
370,3.3333333333333335,1326608.1028070662
371,3.3423423423423424,1323024.0052358084
372,3.3513513513513513,1319442.9155732775
373,3.3603603603603602,1315890.8052256894
374,3.369369369369369,1312322.1162403312
375,3.3783783783783785,1308772.6668705402
376,3.3873873873873874,1305242.3024769693
377,3.3963963963963963,1301731.6217998664
378,3.4054054054054053,1298236.2449566014
379,3.414414414414414,1294759.329172625
380,3.4234234234234235,1291300.9329096512
381,3.4324324324324325,1287873.5867197062
382,3.4414414414414414,1284490.9524379324
383,3.4504504504504503,1281124.5169485696
384,3.4594594594594597,1277326.4834661395
385,3.4684684684684686,1273436.9128107263
386,3.4774774774774775,1269570.862067828
387,3.4864864864864864,1265728.6071445688
388,3.4954954954954953,1261912.3001571214
389,3.5045045045045047,1258119.5062125297
390,3.5135135135135136,1254349.34170071
391,3.5225225225225225,1250601.605623694
392,3.5315315315315314,1247214.4118425113
393,3.5405405405405403,1243903.3877318162
394,3.5495495495495497,1240610.4910976875
395,3.5585585585585586,1237334.9684571982
396,3.5675675675675675,1234076.6827806446
397,3.5765765765765765,1230848.3354212788
398,3.5855855855855854,1227667.1052248334
399,3.5945945945945947,1224508.7729691179
400,3.6036036036036037,1221366.536599363
401,3.6126126126126126,1218240.2742719776
402,3.6216216216216215,1215213.627305737
403,3.6306306306306304,1212186.471512849
404,3.6396396396396398,1209155.161652985
405,3.6486486486486487,1206138.9551115944
406,3.6576576576576576,1203137.7394396083
407,3.6666666666666665,1200151.4033000132
408,3.6756756756756754,1197186.356628203
409,3.684684684684685,1194250.451475819
410,3.6936936936936937,1191328.8567518645
411,3.7027027027027026,1188421.4684828308
412,3.7117117117117115,1185528.1836960232
413,3.720720720720721,1182620.7195252744
414,3.72972972972973,1179642.333286747
415,3.7387387387387387,1176678.8642923764
416,3.7477477477477477,1173730.201110597
417,3.7567567567567566,1170796.2334133035
418,3.765765765765766,1167864.4803315753
419,3.774774774774775,1164935.8240686825
420,3.7837837837837838,1162021.8098073064
421,3.7927927927927927,1159122.3280882854
422,3.8018018018018016,1156237.2705400668
423,3.810810810810811,1153372.4737413295
424,3.81981981981982,1150289.2656910217
425,3.828828828828829,1146890.225536507
426,3.8378378378378377,1143511.1254060266
427,3.8468468468468466,1140151.7911446192
428,3.855855855855856,1136812.5502110627
429,3.864864864864865,1133494.7544906184
430,3.873873873873874,1130196.3098876555
431,3.8828828828828827,1126916.9165460237
432,3.8918918918918917,1123934.2517405231
433,3.900900900900901,1121117.647543289
434,3.90990990990991,1118314.9980829447
435,3.918918918918919,1115514.8411977612
436,3.9279279279279278,1112728.630376063
437,3.9369369369369367,1109956.2620047235
438,3.945945945945946,1107198.3359511972
439,3.954954954954955,1104458.0138344583
440,3.963963963963964,1101732.3550268428
441,3.972972972972973,1099020.065027748
442,3.981981981981982,1096321.0461040188
443,3.990990990990991,1093630.3759613459
444,4.0,1090959.1381736952
445,4.009009009009009,1088292.4225899496
446,4.018018018018018,1085629.8579074792
447,4.027027027027027,1082980.2150218275
448,4.036036036036036,1080341.4329230457
449,4.045045045045045,1077701.9565192182
450,4.054054054054054,1075072.7577382817
451,4.063063063063063,1072456.3252176542
452,4.072072072072072,1069852.566430153
453,4.081081081081081,1067257.7888582174
454,4.09009009009009,1064678.2046649954
455,4.099099099099099,1062021.8765937428
456,4.108108108108108,1058881.5777276142
457,4.117117117117117,1055759.6576706665
458,4.126126126126126,1052655.8547077568
459,4.135135135135135,1049557.2001061093
460,4.1441441441441444,1046473.6661437993
461,4.153153153153153,1043408.1204835223
462,4.162162162162162,1040360.4068624934
463,4.171171171171171,1037330.370814474
464,4.18018018018018,1034296.7909768749
465,4.1891891891891895,1031277.9480138265
466,4.198198198198198,1028324.4072264277
467,4.207207207207207,1026007.5237994439
468,4.216216216216216,1023701.0409044243
469,4.225225225225225,1021398.2569346977
470,4.2342342342342345,1019118.3617429167
471,4.243243243243243,1016848.5973132425
472,4.252252252252252,1014588.8964368999
473,4.261261261261261,1012339.1924968067
474,4.27027027027027,1010101.4197272755
475,4.2792792792792795,1007814.1864589576
476,4.288288288288288,1005537.2322910776
477,4.297297297297297,1003270.4884701568
478,4.306306306306306,1001013.8868509654
479,4.315315315315315,998756.0580020769
480,4.324324324324325,996503.2752885362
481,4.333333333333333,994260.6126092662
482,4.342342342342342,992028.0020592342
483,4.351351351351351,989805.3763383549
484,4.36036036036036,987579.7204423515
485,4.36936936936937,985282.9016790702
486,4.378378378378378,982997.7172036284
487,4.387387387387387,980723.0755825491
488,4.396396396396397,978458.9042532442
489,4.405405405405405,976204.5613466712
490,4.414414414414415,973970.9678161589
491,4.423423423423423,971748.2335173752
492,4.4324324324324325,969535.5664270555
493,4.441441441441442,967332.8986863429
494,4.45045045045045,965139.5731846245
495,4.45945945945946,962973.982768926
496,4.468468468468468,960810.194235126
497,4.4774774774774775,958656.0869633165
498,4.486486486486487,956511.5962662648
499,4.495495495495495,954379.0208497705
500,4.504504504504505,952272.9929159849
501,4.513513513513513,950180.9316133346
502,4.5225225225225225,948097.9652944392
503,4.531531531531532,946024.0352980589
504,4.54054054054054,943958.3230995261
505,4.54954954954955,941875.5907079303
506,4.558558558558558,939722.9217053518
507,4.5675675675675675,937561.3871747515
508,4.576576576576577,935409.7582391801
509,4.585585585585585,933270.5639189687
510,4.594594594594595,931157.9114941917
511,4.603603603603603,929057.9881151904
512,4.612612612612613,926967.4512212101
513,4.621621621621622,924886.2384553865
514,4.63063063063063,922814.288007932
515,4.63963963963964,920744.2801351112
516,4.648648648648648,918498.4950183543
517,4.657657657657658,915817.8007443398
518,4.666666666666667,913004.789157919
519,4.675675675675675,910208.8909769226
520,4.684684684684685,907425.9191489505
521,4.693693693693693,904661.9208674575
522,4.702702702702703,901914.6076476742
523,4.711711711711712,899183.8298072136
524,4.7207207207207205,896469.4394370785
525,4.72972972972973,893847.1351995199
526,4.738738738738738,891384.1370348821
527,4.747747747747748,889075.8691318661
528,4.756756756756757,887088.4940714112
529,4.7657657657657655,885109.9248904557
530,4.774774774774775,883128.9967475875
531,4.783783783783783,881146.2754127842
532,4.792792792792793,879172.4258745492
533,4.801801801801802,877207.3887947031
534,4.8108108108108105,875251.105362386
535,4.81981981981982,873330.2512860897
536,4.828828828828828,871441.8043528073
537,4.837837837837838,869561.449951604
538,4.846846846846847,867672.9204202781
539,4.8558558558558556,865772.6935104836
540,4.864864864864865,863876.3254763029
541,4.873873873873874,861983.1084750538
542,4.882882882882883,860098.1394650846
543,4.891891891891892,858221.3648760329
544,4.900900900900901,856352.7315985693
545,4.90990990990991,854495.4162231341
546,4.918918918918919,852674.7903490526
547,4.927927927927928,850864.3346007603
548,4.936936936936937,849061.4805696383
549,4.945945945945946,847239.3336618876
550,4.954954954954955,845415.704494474
551,4.963963963963964,843578.0033852442
552,4.972972972972973,841748.2628634303
553,4.981981981981982,839926.4313895372
554,4.990990990990991,838112.457867377
555,5.0,836307.434673552
556,5.009009009009009,834522.7033699666
557,5.018018018018018,832731.157498904
558,5.027027027027027,830946.8128527771
559,5.036036036036036,829342.4931577179
560,5.045045045045045,827860.3463033539
561,5.054054054054054,826379.3649396886
562,5.063063063063063,824903.2534111859
563,5.072072072072072,823432.3924841264
564,5.081081081081081,821966.7542654518
565,5.09009009009009,820506.3110588043
566,5.099099099099099,819038.2214965129
567,5.108108108108108,817335.3928560164
568,5.117117117117117,815648.8846549325
569,5.126126126126126,813969.2891474968
570,5.135135135135135,812296.564126194
571,5.1441441441441444,810622.4041024385
572,5.153153153153153,808952.0122746906
573,5.162162162162162,807288.4801266652
574,5.171171171171171,805631.7655533885
575,5.18018018018018,803981.8267932457
576,5.1891891891891895,802351.1785239787
577,5.198198198198198,800729.3238706841
578,5.207207207207207,799085.8208511005
579,5.216216216216216,797423.6958381875
580,5.225225225225225,795768.42079684
581,5.2342342342342345,794116.598159397
582,5.243243243243243,792474.8566738067
583,5.252252252252252,790839.8408832774
584,5.261261261261261,789211.5098490563
585,5.27027027027027,787589.82296138
586,5.2792792792792795,785974.2699877906
587,5.288288288288288,784364.7567646708
588,5.297297297297297,782505.2686548252
589,5.306306306306306,780444.3060198877
590,5.315315315315315,778394.0128150843
591,5.324324324324325,776353.7778869666
592,5.333333333333333,774322.9311371271
593,5.342342342342342,772302.6071773382
594,5.351351351351351,770292.7250261717
595,5.36036036036036,768293.2045247051
596,5.36936936936937,766302.5460906116
597,5.378378378378378,764317.7302145376
598,5.387387387387387,762395.9559108817
599,5.396396396396397,760775.1049186246
600,5.405405405405405,758887.7621015128
601,5.414414414414415,757010.6272254811
602,5.423423423423423,755142.7588601209
603,5.4324324324324325,753284.0413768122
604,5.441441441441442,751434.4080228528
605,5.45045045045045,749593.7926899239
606,5.45945945945946,747762.042369971
607,5.468468468468468,745942.1806024666
608,5.4774774774774775,744131.8310198833
609,5.486486486486487,742329.2102941548
610,5.495495495495495,740833.882759385
611,5.504504504504505,739583.0066797176
612,5.513513513513513,738340.1765679254
613,5.5225225225225225,737103.0206512773
614,5.531531531531532,735869.9759630464
615,5.54054054054054,734641.0221860907
616,5.54954954954955,733416.1391359457
617,5.558558558558558,732189.093248449
618,5.5675675675675675,730769.3123315887
619,5.576576576576577,729303.434071567
620,5.585585585585585,727829.0807788451
621,5.594594594594595,726338.0964025422
622,5.603603603603603,724850.6139521721
623,5.612612612612613,723370.1009314109
624,5.621621621621622,721895.6030215101
625,5.63063063063063,720427.0837654558
626,5.63963963963964,718964.5069992144
627,5.648648648648648,717518.7849106255
628,5.657657657657658,716101.980485477
629,5.666666666666667,714730.8058504323
630,5.675675675675675,713367.687497892
631,5.684684684684685,712021.9078095446
632,5.693693693693693,710672.4003564916
633,5.702702702702703,709322.2187992306
634,5.711711711711712,707977.1437092975
635,5.7207207207207205,706637.1462529602
636,5.72972972972973,705302.197812539
637,5.738738738738738,703984.1881241876
638,5.747747747747748,702678.015277024
639,5.756756756756757,701376.6098492489
640,5.7657657657657655,700008.5396935422
641,5.774774774774775,698648.7391956937
642,5.783783783783783,697288.5055375755
643,5.792792792792793,695913.571944681
644,5.801801801801802,694544.0489797521
645,5.8108108108108105,693179.9047734177
646,5.81981981981982,691821.107706057
647,5.828828828828828,690472.8964488733
648,5.837837837837838,689148.3933255037
649,5.846846846846847,687828.912240855
650,5.8558558558558556,686518.4999732396
651,5.864864864864865,685214.5036480693
652,5.873873873873873,683721.2127019825
653,5.882882882882883,682140.8567932398
654,5.891891891891892,680567.7337592331
655,5.900900900900901,679001.7944532834
656,5.90990990990991,677442.9901692418
657,5.918918918918919,675891.1446601771
658,5.927927927927928,674343.6202883882
659,5.936936936936937,672803.1237468288
660,5.945945945945946,671423.3895814627
661,5.954954954954955,669850.7567902883
662,5.963963963963964,668285.4293633244
663,5.972972972972973,666731.855848778
664,5.981981981981982,665185.7744977842
665,5.990990990990991,663646.7855060269
666,6.0,662114.8406180685
667,6.009009009009009,660589.6166439618
668,6.018018018018018,659066.0325443827
669,6.027027027027027,657549.471174085
670,6.036036036036036,656036.4763775888
671,6.045045045045045,654653.7815356907
672,6.054054054054054,653402.4163427558
673,6.063063063063063,652156.9244324992
674,6.072072072072072,650916.5396793789
675,6.081081081081081,649680.8392085612
676,6.09009009009009,648449.796680004
677,6.099099099099099,647223.3859496568
678,6.108108108108108,646002.3023615191
679,6.117117117117117,644786.2566568139
680,6.126126126126126,643579.9328285555
681,6.135135135135135,642436.5810244222
682,6.1441441441441444,641266.5781972946
683,6.153153153153153,640087.0183444546
684,6.162162162162162,638912.9889668158
685,6.171171171171171,637743.2257075739
686,6.18018018018018,636577.7055392155
687,6.1891891891891895,635416.4055982836
688,6.198198198198198,634255.787802239
689,6.207207207207207,633095.7514433571
690,6.216216216216216,631939.9381136446
691,6.225225225225225,630788.3248639648
692,6.2342342342342345,629632.7206562667
693,6.243243243243243,628560.3808098813
694,6.252252252252252,627496.7607249649
695,6.261261261261261,626436.7052289112
696,6.27027027027027,625380.1965819622
697,6.2792792792792795,624327.2171608395
698,6.288288288288288,623276.9228307053
699,6.297297297297297,622229.0034736417
700,6.306306306306306,621184.5799089576
701,6.315315315315315,620143.6347859689
702,6.324324324324325,619090.7909210927
703,6.333333333333333,618013.2711265959
704,6.342342342342342,616939.0858955021
705,6.351351351351351,615868.6066268418
706,6.36036036036036,614801.8142898186
707,6.36936936936937,613738.6899829052
708,6.378378378378378,612679.393138252
709,6.387387387387387,611623.9013500569
710,6.396396396396396,610572.0182489444
711,6.405405405405405,609471.8277764557
712,6.414414414414415,608330.287174553
713,6.423423423423423,607227.7678638847
714,6.4324324324324325,606129.8711715725
715,6.441441441441442,605035.935224771
716,6.45045045045045,603945.9149329602
717,6.45945945945946,602859.7894521807
718,6.468468468468468,601777.5571495016
719,6.4774774774774775,600697.2055042512
720,6.486486486486487,599620.1083629223
721,6.495495495495495,598552.1090526623
722,6.504504504504505,597502.8783719316
723,6.513513513513513,596453.8871764728
724,6.5225225225225225,595404.7538390688
725,6.531531531531532,594359.5631303331
726,6.54054054054054,593318.0037027696
727,6.54954954954955,592280.0568357316
728,6.558558558558558,591245.7039358049
729,6.5675675675675675,590216.1066089505
730,6.576576576576577,589189.5066572134
731,6.585585585585585,588166.43911655
732,6.594594594594595,586993.451821011
733,6.603603603603603,585712.3198717359
734,6.612612612612613,584422.2369762276
735,6.621621621621622,583131.6071525735
736,6.63063063063063,581846.6451417183
737,6.63963963963964,580567.3138235986
738,6.648648648648648,579293.5764004043
739,6.657657657657658,578028.8410975442
740,6.666666666666667,576771.8311514294
741,6.675675675675675,575520.2381082164
742,6.684684684684685,574303.3071968487
743,6.693693693693693,573326.0533800459
744,6.702702702702703,572352.3029887078
745,6.711711711711712,571200.792270062
746,6.7207207207207205,570053.251678521
747,6.72972972972973,568910.2799110778
748,6.738738738738738,567771.8499365447
749,6.747747747747748,566637.7576799081
750,6.756756756756757,565507.7940231122
751,6.7657657657657655,564382.298577866
752,6.774774774774775,563262.4870015872
753,6.783783783783783,562320.4762393134
754,6.792792792792793,561343.5654986858
755,6.801801801801802,560369.8543646667
756,6.8108108108108105,559399.4916179382
757,6.81981981981982,558432.4601421162
758,6.828828828828828,557468.742936392
759,6.837837837837838,556508.5511388924
760,6.846846846846847,555553.394903626
761,6.8558558558558556,554601.4820732652
762,6.864864864864865,553652.7963113463
763,6.873873873873873,552700.491349803
764,6.882882882882883,551717.2149648517
765,6.891891891891892,550740.615940638
766,6.900900900900901,549766.4812355272
767,6.90990990990991,548795.7696809483
768,6.918918918918919,547828.4633549792
769,6.927927927927928,546864.5512054827
770,6.936936936936937,545907.0336909855
771,6.945945945945946,544953.1823728209
772,6.954954954954955,544002.6315610711
773,6.963963963963964,543062.9380586022
774,6.972972972972973,542164.1322506657
775,6.981981981981982,541252.6466201019
776,6.990990990990991,540341.0106861353
777,7.0,539432.4041487329
778,7.009009009009009,538526.8121209646
779,7.018018018018018,537624.1705111326
780,7.027027027027027,536721.4856095561
781,7.036036036036036,535819.5768787836
782,7.045045045045045,534920.6782865974
783,7.054054054054054,534024.7748696067
784,7.063063063063063,533128.4628101148
785,7.072072072072072,532204.0599474963
786,7.081081081081081,531267.8383141964
787,7.09009009009009,530334.8829493892
788,7.099099099099099,529405.1769066752
789,7.108108108108108,528478.7033558473
790,7.117117117117117,527556.3007980181
791,7.126126126126126,526636.9310808193
792,7.135135135135135,525720.7368390601
793,7.1441441441441444,524807.7017727346
794,7.153153153153153,523897.8096923272
795,7.162162162162162,522992.2810522139
796,7.171171171171171,522090.6662089254
797,7.18018018018018,521192.1313937823
798,7.1891891891891895,520296.6609733788
799,7.198198198198198,519404.23941907147
800,7.207207207207207,518514.1222839432
801,7.216216216216216,517626.82222970104
802,7.225225225225225,516742.5346629155
803,7.2342342342342345,515861.24436714104
804,7.243243243243243,514988.24922733736
805,7.252252252252252,514125.72991267627
806,7.261261261261261,513254.69462956407
807,7.27027027027027,512383.0702174971
808,7.2792792792792795,511514.3704891676
809,7.288288288288288,510648.5809085249
810,7.297297297297297,509784.86755149567
811,7.306306306306306,508920.59464048035
812,7.315315315315315,508059.02502083645
813,7.324324324324325,507200.35409599065
814,7.333333333333333,506357.08770553675
815,7.342342342342342,505533.16767755017
816,7.351351351351351,504716.8654524869
817,7.36036036036036,503908.573749702
818,7.36936936936937,503102.84101521934
819,7.378378378378378,502299.65524249576
820,7.387387387387387,501499.4966343056
821,7.396396396396396,500702.72799842
822,7.405405405405405,499908.0528250766
823,7.414414414414415,499115.86739240366
824,7.423423423423423,498326.1601579174
825,7.4324324324324325,497536.00357498886
826,7.441441441441442,496745.40496772423
827,7.45045045045045,495909.5430501846
828,7.45945945945946,495031.4349247574
829,7.468468468468468,494156.4125940415
830,7.4774774774774775,493284.0339855279
831,7.486486486486487,492414.1759940839
832,7.495495495495495,491547.80130079115
833,7.504504504504505,490684.4538931499
834,7.513513513513513,489824.1180173436
835,7.5225225225225225,488966.6357614855
836,7.531531531531532,488112.36053519015
837,7.54054054054054,487261.8300372729
838,7.54954954954955,486414.22849026317
839,7.558558558558558,485569.54095019586
840,7.5675675675675675,484727.75257345336
841,7.576576576576577,483888.2246841729
842,7.585585585585585,483049.344535589
843,7.594594594594595,482213.3508191659
844,7.603603603603603,481380.22875303874
845,7.612612612612613,480583.41372283595
846,7.621621621621622,479853.7608848229
847,7.63063063063063,479119.7353564092
848,7.63963963963964,478387.93350184825
849,7.648648648648648,477658.34531822306
850,7.657657657657658,476930.96086198126
851,7.666666666666667,476205.3310731322
852,7.675675675675675,475480.58627957286
853,7.684684684684685,474758.03214272874
854,7.693693693693693,474037.65880049136
855,7.702702702702703,473319.4564495195
856,7.711711711711712,472592.06242211093
857,7.7207207207207205,471839.52401889896
858,7.72972972972973,471090.45263599005
859,7.738738738738738,470343.72448235145
860,7.747747747747748,469599.3287330935
861,7.756756756756757,468856.3748060707
862,7.7657657657657655,468115.0604978073
863,7.774774774774775,467376.0570161378
864,7.783783783783783,466639.3602076269
865,7.792792792792793,465904.9593998885
866,7.801801801801802,465175.1117866485
867,7.8108108108108105,464478.3640831732
868,7.81981981981982,463783.05058742315
869,7.828828828828828,463089.791331852
870,7.837837837837838,462398.5783125568
871,7.846846846846847,461707.1141886013
872,7.8558558558558556,461014.910312077
873,7.864864864864865,460323.2422181781
874,7.873873873873873,459633.64358546276
875,7.882882882882883,458946.1051530374
876,7.891891891891892,458260.9553615062
877,7.900900900900901,457584.595799125
878,7.90990990990991,456873.6303290143
879,7.918918918918918,456022.1177766435
880,7.927927927927928,455173.7359391752
881,7.936936936936937,454328.1828366738
882,7.945945945945946,453484.1032102204
883,7.954954954954955,452642.528615481
884,7.963963963963964,451804.04864627327
885,7.972972972972973,450968.64639520145
886,7.981981981981982,450250.6462033841
887,7.990990990990991,449575.34607649007
888,8.0,448807.2589088728
889,8.00900900900901,447958.58698720724
890,8.018018018018019,447113.10011729365
891,8.027027027027026,446270.7805082894
892,8.036036036036036,445432.8740577695
893,8.045045045045045,444598.3202304214
894,8.054054054054054,443766.86323998304
895,8.063063063063064,442938.48602042894
896,8.072072072072071,442113.17162983504
897,8.08108108108108,441283.7319418634
898,8.09009009009009,440443.84412285197
899,8.0990990990991,439769.9634411824
900,8.108108108108109,439118.5043378358
901,8.117117117117116,438468.95574408973
902,8.126126126126126,437820.5464150609
903,8.135135135135135,437174.69543047214
904,8.144144144144144,436530.73114569514
905,8.153153153153154,435888.6453770755
906,8.162162162162161,435248.4299877886
907,8.17117117117117,434610.22258645896
908,8.18018018018018,433967.8094737783
909,8.18918918918919,433324.43843593734
910,8.198198198198199,432672.8765131855
911,8.207207207207206,432023.25453444873
912,8.216216216216216,431376.4511972015
913,8.225225225225225,430733.29369939154
914,8.234234234234235,430092.0467711888
915,8.243243243243244,429452.677338351
916,8.252252252252251,428815.17729988263
917,8.26126126126126,428177.75016974995
918,8.27027027027027,427539.7200549606
919,8.27927927927928,426902.32511390466
920,8.288288288288289,426306.69937766343
921,8.297297297297296,425779.1302879359
922,8.306306306306306,425253.4323922668
923,8.315315315315315,424730.4392351001
924,8.324324324324325,424208.9130138836
925,8.333333333333334,423688.6539760847
926,8.342342342342342,423169.6575538596
927,8.35135135135135,422651.958294817
928,8.36036036036036,422064.31621597876
929,8.36936936936937,421452.76494530827
930,8.378378378378379,420843.09452323103
931,8.387387387387387,420235.17338791647
932,8.396396396396396,419628.94050914684
933,8.405405405405405,419026.28306623234
934,8.414414414414415,418426.10021313763
935,8.423423423423424,417827.61089768825
936,8.432432432432432,417230.80806443334
937,8.441441441441441,416635.7313510711
938,8.45045045045045,416042.41989092703
939,8.45945945945946,415767.3299325792
940,8.468468468468469,415483.29370346456
941,8.477477477477477,415196.7664528185
942,8.486486486486486,414910.6275279285
943,8.495495495495495,414624.97192825674
944,8.504504504504505,414339.1761490656
945,8.513513513513514,414053.7687554405
946,8.522522522522522,413768.7489675224
947,8.531531531531531,413484.1160075064
948,8.54054054054054,413200.0553395373
949,8.54954954954955,412916.9214297545
950,8.558558558558559,412636.5212568417
951,8.567567567567567,412360.00145505194
952,8.576576576576576,412083.844868354
953,8.585585585585585,411808.69769528066
954,8.594594594594595,411534.00850743
955,8.603603603603604,411259.67597673956
956,8.612612612612612,410985.6994289634
957,8.621621621621621,410712.0781914972
958,8.63063063063063,410439.27392455714
959,8.63963963963964,410167.9023737927
960,8.64864864864865,409896.97079550027
961,8.657657657657657,409630.9172695438
962,8.666666666666666,409366.9496686107
963,8.675675675675675,409101.478860851
964,8.684684684684685,408835.28844615543
965,8.693693693693694,408568.65887022624
966,8.702702702702702,408302.3737570635
967,8.711711711711711,408036.4324457146
968,8.72072072072072,407771.5206496654
969,8.72972972972973,407507.55449658306
970,8.73873873873874,407244.07737066346
971,8.747747747747749,406980.9339538173
972,8.756756756756756,406629.02372937923
973,8.765765765765765,406256.41043097194
974,8.774774774774775,405884.14831353014
975,8.783783783783784,405512.25275234104
976,8.792792792792794,405141.03070798225
977,8.801801801801801,404770.4803730977
978,8.81081081081081,404400.42448651436
979,8.81981981981982,404033.4648803401
980,8.82882882882883,403770.46148691536
981,8.837837837837839,403507.7903439038
982,8.846846846846846,403245.45084238745
983,8.855855855855856,402983.5832363933
984,8.864864864864865,402721.65521686984
985,8.873873873873874,402458.816176697
986,8.882882882882884,402196.31514328317
987,8.891891891891891,401934.15147478867
988,8.9009009009009,401672.1071991454
989,8.90990990990991,401410.3108704031
990,8.91891891891892,401130.8361128241
991,8.927927927927929,400678.38782682427
992,8.936936936936936,400226.9493954489
993,8.945945945945946,399776.5174747051
994,8.954954954954955,399304.2306876823
995,8.963963963963964,398825.9836597993
996,8.972972972972974,398348.6411236325
997,8.981981981981981,397872.20150879555
998,8.99099099099099,397396.66324160213
999,9.0,396922.0247451571
